20130919.13.51 20130919  13  51  56.000   40.9498    30.5488    6.0   8.4 25.6   1.2  ML
20130917.13.42 20130917  13  42  47.000   40.2698    29.9732    2.7   8.4 25.6   1.0  ML
20130916.13.57 20130916  13  57  39.000   40.8772    30.424     4.1   8.4 25.6   1.7  ML
20130914.14.56 20130914  14  56  50.000   40.4288    30.0548    5.5   8.4 25.6   0.9  ML
20130914.13.15 20130914  13  15  49.000   40.3543    30.028     3.9   8.4 25.6   1.1  ML
20130909.12.22 20130909  12  22  58.000   40.6208    30.4495    6.0   8.4 25.6   0.9  ML
20130908.09.53 20130908  09  53  29.000   40.6597    30.679     7.5   8.4 25.6   0.9  ML
20130907.12.30 20130907  12  30  17.000   40.8575    30.4435    4.7   8.4 25.6   1.6  ML
20130907.11.17 20130907  11  17  27.000   40.854     30.4513    7.0   8.4 25.6   1.1  ML
20130905.10.17 20130905  10  17  47.000   40.2522    30.052     2.7   8.4 25.6   1.1  ML
20130905.03.52 20130905  03  52  56.000   40.5782    30.5422    3.2   8.4 25.6   2.1  ML
20130902.12.56 20130902  12  56  20.000   40.4037    29.9832    2.8   8.4 25.6   1.5  ML
20130901.13.41 20130901  13  41  02.000   40.7173    30.4647    7.7   8.4 25.6   1.6  ML
20130830.04.42 20130830  04  42  59.000   40.9672    30.5788    2.0   8.4 25.6   1.3  ML
20130829.10.37 20130829  10  37  59.000   40.4263    30.059     5.5   8.4 25.6   1.0  ML
20130829.01.02 20130829  01  02  30.000   40.7342    29.9707    9.3   8.4 25.6   2.0  ML
20130828.12.06 20130828  12  06  23.000   40.5302    30.5497    8.8   8.4 25.6   1.4  ML
20130826.13.13 20130826  13  13  13.000   40.5473    30.1172    5.2   8.4 25.6   0.9  ML
20130820.10.18 20130820  10  18  06.000   40.9728    30.5808    4.9   8.4 25.6   1.4  ML
20130819.13.30 20130819  13  30  02.000   40.5315    30.1325    4.4   8.4 25.6   1.9  ML
20130816.15.45 20130816  15  45  13.000   40.654     30.5167    4.8   8.4 25.6   0.8  ML
20130814.16.07 20130814  16  07  55.000   40.641     30.3663    2.0   8.4 25.6   0.8  ML
20130814.15.01 20130814  15  01  48.000   40.9472    30.6083    9.6   8.4 25.6   1.1  ML
20130808.02.49 20130808  02  49  44.000   40.7128    30.0568    2.7   8.4 25.6   1.6  ML
20130807.03.14 20130807  03  14  35.000   40.7388    30.2552    4.9   8.4 25.6   0.9  ML
20130806.12.08 20130806  12  08  55.000   40.6853    30.5372    13.9  8.4 25.6   2.3  ML
20130806.10.08 20130806  10  08  33.000   40.6303    30.3262    5.5   8.4 25.6   0.9  ML
20130803.20.56 20130803  20  56  13.000   40.703     30.3898    9.2   8.4 25.6   0.9  ML
20130802.12.18 20130802  12  18  54.000   40.5958    30.3178    2.5   8.4 25.6   1.7  ML
20130802.06.42 20130802  06  42  23.000   40.6797    30.6218    13.5  8.4 25.6   1.9  ML
20130724.19.25 20130724  19  25  30.000   40.7533    30.261     6.4   8.4 25.6   1.3  ML
20130723.05.55 20130723  05  55  27.000   40.634     30.6158    8.2   8.4 25.6   0.9  ML
20130722.21.01 20130722  21  01  23.000   40.7068    30.321     3.9   8.4 25.6   1.1  ML
20130722.17.51 20130722  17  51  21.000   40.7152    30.3187    2.7   8.4 25.6   1.2  ML
20130721.03.33 20130721  03  33  53.000   40.7552    30.1822    10.8  8.4 25.6   0.8  ML
20130720.12.29 20130720  12  29  34.000   40.8747    30.4315    7.0   8.4 25.6   1.9  ML
20130719.11.18 20130719  11  18  24.000   40.7483    30.144     7.0   8.4 25.6   1.6  ML
20130718.13.59 20130718  13  59  25.000   40.8842    30.5077    5.5   8.4 25.6   1.2  ML
20130718.11.58 20130718  11  58  45.000   40.6443    30.3382    5.1   8.4 25.6   1.2  ML
20130718.03.32 20130718  03  32  39.000   40.6865    30.661     12.3  8.4 25.6   1.5  ML
20130717.14.42 20130717  14  42  50.000   40.679     30.6167    7.1   8.4 25.6   1.8  ML
20130717.14.25 20130717  14  25  18.000   40.7195    30.6073    3.3   8.4 25.6   1.4  ML
20130717.13.47 20130717  13  47  31.000   40.6992    30.6068    5.5   8.4 25.6   1.2  ML
20130717.12.48 20130717  12  48  20.000   40.8818    30.4917    8.6   8.4 25.6   1.6  ML
20130716.14.57 20130716  14  57  07.000   40.6953    30.0873    4.8   8.4 25.6   1.1  ML
20130716.12.33 20130716  12  33  40.000   40.425     30.0053    3.3   8.4 25.6   1.1  ML
20130716.11.02 20130716  11  02  42.000   40.8687    30.4452    5.5   8.4 25.6   1.2  ML
20130716.00.22 20130716  00  22  31.000   40.6827    30.6465    14.2  8.4 25.6   1.6  ML
20130715.19.32 20130715  19  32  02.000   40.6442    30.3767    4.9   8.4 25.6   1.7  ML
20130713.08.52 20130713  08  52  34.000   40.7928    30.4415    11.0  8.4 25.6   1.2  ML
20130709.16.42 20130709  16  42  22.000   40.4498    29.9787    8.9   8.4 25.6   1.3  ML
20130707.06.07 20130707  06  07  09.000   40.7182    30.4322    13.6  8.4 25.6   1.0  ML
20130706.20.16 20130706  20  16  06.000   40.7153    30.1662    4.8   8.4 25.6   0.9  ML
20130706.15.42 20130706  15  42  19.000   40.9905    30.0988    10.5  8.4 25.6   1.0  ML
20130706.11.29 20130706  11  29  42.000   40.3783    30.1037    6.7   8.4 25.6   1.4  ML
20130705.12.55 20130705  12  55  45.000   40.2638    30.0087    6.7   8.4 25.6   0.8  ML
20130703.09.22 20130703  09  22  15.000   40.5727    30.5448    4.7   8.4 25.6   2.5  ML
20130701.11.13 20130701  11  13  16.000   40.972     30.596     2.6   8.4 25.6   1.3  ML
20130630.07.54 20130630  07  54  48.000   40.515     30.5087    14.3  8.4 25.6   1.1  ML
20130630.03.22 20130630  03  22  06.000   40.6775    30.6133    6.5   8.4 25.6   3.3  ML
20130630.02.53 20130630  02  53  56.000   40.6825    30.6687    12.0  8.4 25.6   1.8  ML
20130629.11.33 20130629  11  33  05.000   40.6135    30.3012    6.0   8.4 25.6   1.0  ML
20130629.10.53 20130629  10  53  19.000   40.8807    30.6417    5.0   8.4 25.6   1.6  ML
20130628.16.10 20130628  16  10  53.000   40.907     30.6482    5.2   8.4 25.6   1.7  ML
20130627.17.44 20130627  17  44  14.000   40.5342    30.5822    9.4   8.4 25.6   1.1  ML
20130626.17.31 20130626  17  31  31.000   40.7167    30.5888    3.4   8.4 25.6   1.6  ML
20130626.17.16 20130626  17  16  58.000   40.7148    30.6242    9.8   8.4 25.6   1.7  ML
20130626.12.57 20130626  12  57  45.000   40.881     30.4693    2.8   8.4 25.6   1.6  ML
20130626.08.27 20130626  08  27  20.000   40.7057    30.5812    15.0  8.4 25.6   1.4  ML
20130624.21.23 20130624  21  23  35.000   40.6493    30.6658    5.6   8.4 25.6   1.2  ML
20130624.16.17 20130624  16  17  01.000   40.9647    30.6123    4.3   8.4 25.6   1.5  ML
20130624.15.11 20130624  15  11  04.000   40.8488    30.4577    3.3   8.4 25.6   1.4  ML
20130624.09.25 20130624  09  25  07.000   40.8263    30.5213    3.2   8.4 25.6   1.5  ML
20130624.00.42 20130624  00  42  02.000   40.702     30.5845    9.5   8.4 25.6   0.8  ML
20130623.10.55 20130623  10  55  05.000   40.7022    30.6505    13.1  8.4 25.6   1.2  ML
20130623.00.35 20130623  00  35  35.000   40.7128    30.5957    8.1   8.4 25.6   0.8  ML
20130622.20.09 20130622  20  09  46.000   40.6985    30.6412    13.0  8.4 25.6   1.2  ML
20130622.13.28 20130622  13  28  25.000   40.862     30.486     5.8   8.4 25.6   1.6  ML
20130621.14.59 20130621  14  59  11.000   40.479     30.3538    11.7  8.4 25.6   1.1  ML
20130621.02.17 20130621  02  17  01.000   40.514     30.4422    9.8   8.4 25.6   1.1  ML
20130620.12.25 20130620  12  25  44.000   40.404     30.0022    8.2   8.4 25.6   1.3  ML
20130620.11.46 20130620  11  46  34.000   40.5897    30.4315    3.5   8.4 25.6   1.1  ML
20130620.04.47 20130620  04  47  47.000   40.531     30.5055    3.1   8.4 25.6   0.9  ML
20130618.09.08 20130618  09  08  21.000   40.6853    30.1007    3.5   8.4 25.6   1.1  ML
20130618.08.12 20130618  08  12  59.000   40.6948    30.3525    10.3  8.4 25.6   0.9  ML
20130615.00.55 20130615  00  55  01.000   40.7367    30.1947    12.6  8.4 25.6   1.1  ML
20130614.10.58 20130614  10  58  40.000   40.6443    30.3357    5.5   8.4 25.6   0.8  ML
20130607.08.56 20130607  08  56  22.000   40.819     30.3972    5.5   8.4 25.6   1.2  ML
20130607.01.22 20130607  01  22  45.000   40.7052    30.3602    11.2  8.4 25.6   1.6  ML
20130605.11.53 20130605  11  53  21.000   40.9573    30.5477    3.0   8.4 25.6   0.9  ML
20130604.10.49 20130604  10  49  58.000   40.945     30.5143    3.0   8.4 25.6   1.2  ML
20130603.12.39 20130603  12  39  03.000   40.3948    30.0867    3.6   8.4 25.6   1.0  ML
20130601.10.30 20130601  10  30  47.000   40.9427    30.6128    6.0   8.4 25.6   1.2  ML
20130527.06.38 20130527  06  38  30.000   40.6857    30.4185    6.6   8.4 25.6   1.9  ML
20130526.14.03 20130526  14  03  15.000   40.8328    30.4238    9.5   8.4 25.6   2.0  ML
20130524.13.16 20130524  13  16  26.000   40.8837    30.4253    7.3   8.4 25.6   1.8  ML
20130524.10.07 20130524  10  07  50.000   40.4323    30.0405    8.2   8.4 25.6   1.4  ML
20130523.12.20 20130523  12  20  55.000   40.4453    30.0585    3.0   8.4 25.6   1.6  ML
20130523.10.18 20130523  10  18  32.000   40.8875    30.4108    5.6   8.4 25.6   1.4  ML
20130523.00.13 20130523  00  13  10.000   40.729     30.638     12.2  8.4 25.6   1.4  ML
20130522.22.38 20130522  22  38  47.000   40.692     30.6503    9.4   8.4 25.6   2.0  ML
20130522.20.01 20130522  20  01  56.000   40.7098    30.638     11.6  8.4 25.6   1.4  ML
20130522.17.08 20130522  17  08  59.000   40.372     30.4827    3.8   8.4 25.6   0.8  ML
20130522.16.54 20130522  16  54  46.000   40.3857    30.4793    5.0   8.4 25.6   1.1  ML
20130522.02.04 20130522  02  04  16.000   40.6528    30.0048    4.9   8.4 25.6   1.1  ML
20130521.08.48 20130521  08  48  22.000   40.6565    30.3347    7.9   8.4 25.6   1.0  ML
20130520.21.15 20130520  21  15  08.000   40.5297    30.5517    8.5   8.4 25.6   1.0  ML
20130520.19.42 20130520  19  42  00.000   40.522     30.5473    12.3  8.4 25.6   1.3  ML
20130520.17.06 20130520  17  06  28.000   40.3737    30.0683    3.1   8.4 25.6   1.2  ML
20130520.06.28 20130520  06  28  01.000   40.668     30.474     6.6   8.4 25.6   0.9  ML
20130520.06.20 20130520  06  20  29.000   40.6808    30.5125    7.0   8.4 25.6   2.4  ML
20130518.15.47 20130518  15  47  38.000   40.4288    30.0723    9.9   8.4 25.6   1.6  ML
20130518.13.39 20130518  13  39  08.000   40.9452    30.3872    11.1  8.4 25.6   1.3  ML
20130518.10.57 20130518  10  57  22.000   40.648     30.3222    4.6   8.4 25.6   0.9  ML
20130515.23.41 20130515  23  41  10.000   40.6837    30.6578    8.4   8.4 25.6   1.0  ML
20130509.14.12 20130509  14  12  01.000   40.2643    30.023     4.9   8.4 25.6   1.4  ML
20130507.17.59 20130507  17  59  41.000   40.6815    30.396     7.2   8.4 25.6   0.8  ML
20130507.14.52 20130507  14  52  36.000   40.8643    30.4412    9.5   8.4 25.6   1.3  ML
20130507.12.56 20130507  12  56  15.000   40.6373    30.4473    5.3   8.4 25.6   1.3  ML
20130504.11.52 20130504  11  52  19.000   40.4093    30.0098    3.2   8.4 25.6   1.0  ML
20130503.12.26 20130503  12  26  44.000   40.6818    30.1242    5.5   8.4 25.6   0.9  ML
20130502.08.18 20130502  08  18  51.000   40.4045    29.9775    4.9   8.4 25.6   1.7  ML
20130501.23.12 20130501  23  12  25.000   40.734     30.6405    6.9   8.4 25.6   1.0  ML
20130501.14.23 20130501  14  23  23.000   40.5592    30.118     3.3   8.4 25.6   0.9  ML
20130501.13.52 20130501  13  52  21.000   40.9778    30.6092    8.1   8.4 25.6   1.7  ML
20130501.13.09 20130501  13  09  22.000   40.4065    30.0327    1.8   8.4 25.6   1.0  ML
20130430.15.12 20130430  15  12  21.000   40.933     30.613     2.0   8.4 25.6   1.0  ML
20130427.03.42 20130427  03  42  41.000   40.6452    29.9765    1.5   8.4 25.6   1.6  ML
20130425.10.32 20130425  10  32  32.000   40.6275    30.4585    6.1   8.4 25.6   0.8  ML
20130424.16.37 20130424  16  37  24.000   40.6108    30.378     3.6   8.4 25.6   0.8  ML
20130424.06.34 20130424  06  34  48.000   40.7185    30.4702    13.7  8.4 25.6   1.3  ML
20130423.15.19 20130423  15  19  56.000   40.7585    30.3835    6.3   8.4 25.6   3.2  ML
20130422.10.43 20130422  10  43  52.000   40.9467    30.5673    3.4   8.4 25.6   0.8  ML
20130420.15.05 20130420  15  05  05.000   40.8855    30.4045    1.0   8.4 25.6   0.8  ML
20130419.19.26 20130419  19  26  41.000   40.4617    30.4188    2.7   8.4 25.6   1.0  ML
20130414.18.17 20130414  18  17  24.000   40.734     30.1842    12.4  8.4 25.6   0.9  ML
20130413.13.42 20130413  13  42  11.000   40.4145    30.0138    5.6   8.4 25.6   1.1  ML
20130413.13.06 20130413  13  06  19.000   40.406     30.024     8.7   8.4 25.6   1.2  ML
20130413.07.33 20130413  07  33  48.000   40.5195    30.4833    6.9   8.4 25.6   1.9  ML
20130402.14.27 20130402  14  27  41.000   40.9592    30.5555    2.6   8.4 25.6   1.5  ML
20130402.12.25 20130402  12  25  26.000   40.4087    29.973     3.7   8.4 25.6   2.0  ML
20130331.20.00 20130331  20  00  18.000   40.6767    30.5642    12.2  8.4 25.6   1.1  ML
20130330.15.55 20130330  15  55  19.000   40.2765    30.0132    8.0   8.4 25.6   1.7  ML
20130328.11.04 20130328  11  04  07.000   40.6963    30.2952    4.3   8.4 25.6   0.8  ML
20130326.17.03 20130326  17  03  39.000   40.5872    30.3507    7.0   8.4 25.6   1.3  ML
20130326.16.52 20130326  16  52  33.000   40.589     30.35      5.5   8.4 25.6   1.0  ML
20130326.14.48 20130326  14  48  22.000   40.2905    29.9913    4.9   8.4 25.6   1.0  ML
20130326.12.58 20130326  12  58  46.000   40.4198    30.0032    5.0   8.4 25.6   1.3  ML
20130326.10.39 20130326  10  39  56.000   40.915     30.5405    10.5  8.4 25.6   0.9  ML
20130326.03.28 20130326  03  28  36.000   40.753     30.2723    11.8  8.4 25.6   0.9  ML
20130326.01.08 20130326  01  08  02.000   40.6882    30.401     4.5   8.4 25.6   0.8  ML
20130325.15.58 20130325  15  58  59.000   40.827     30.5018    4.1   8.4 25.6   1.5  ML
20130323.03.54 20130323  03  54  53.000   40.8758    30.2475    3.8   8.4 25.6   0.8  ML
20130320.14.04 20130320  14  04  31.000   40.285     30.009     8.1   8.4 25.6   1.2  ML
20130320.11.38 20130320  11  38  03.000   40.7365    30.6788    4.1   8.4 25.6   1.3  ML
20130319.14.52 20130319  14  52  00.000   40.2707    29.9877    7.6   8.4 25.6   0.9  ML
20130319.11.38 20130319  11  38  12.000   40.4173    30.0055    4.6   8.4 25.6   1.0  ML
20130319.03.49 20130319  03  49  01.000   40.6707    30.6347    14.1  8.4 25.6   0.8  ML
20130318.00.31 20130318  00  31  49.000   40.6627    30.6885    11.8  8.4 25.6   0.9  ML
20130316.09.33 20130316  09  33  42.000   40.6347    30.3143    5.5   8.4 25.6   0.9  ML
20130315.10.09 20130315  10  09  27.000   40.5158    30.0537    13.5  8.4 25.6   1.2  ML
20130314.15.20 20130314  15  20  48.000   40.2778    29.9522    12.4  8.4 25.6   1.3  ML
20130314.12.18 20130314  12  18  32.000   40.4807    30.3177    5.0   8.4 25.6   1.4  ML
20130313.12.43 20130313  12  43  18.000   40.4177    30.0312    5.5   8.4 25.6   1.2  ML
20130313.11.22 20130313  11  22  05.000   40.4435    30.39      6.0   8.4 25.6   1.0  ML
20130309.22.52 20130309  22  52  04.000   40.6432    30.643     4.4   8.4 25.6   1.1  ML
20130309.11.53 20130309  11  53  39.000   40.4077    30.0043    5.0   8.4 25.6   1.3  ML
20130307.15.10 20130307  15  10  59.000   40.9657    30.5987    8.0   8.4 25.6   1.3  ML
20130307.09.18 20130307  09  18  23.000   40.6915    30.1167    4.5   8.4 25.6   1.0  ML
20130305.10.30 20130305  10  30  08.000   40.8823    30.4318    1.9   8.4 25.6   1.3  ML
20130304.11.24 20130304  11  24  32.000   40.5467    30.0988    6.0   8.4 25.6   0.9  ML
20130304.08.48 20130304  08  48  00.000   40.6655    30.0627    5.5   8.4 25.6   0.8  ML
20130303.06.45 20130303  06  45  53.000   40.7388    30.2582    12.1  8.4 25.6   1.0  ML
20130301.21.48 20130301  21  48  56.000   40.7163    30.5442    3.2   8.4 25.6   0.8  ML
20130301.15.48 20130301  15  48  15.000   40.948     30.6118    6.5   8.4 25.6   0.9  ML
20130228.14.50 20130228  14  50  20.000   40.2562    30.0047    2.7   8.4 25.6   1.6  ML
20130226.12.41 20130226  12  41  51.000   40.4182    30.0628    13.6  8.4 25.6   1.1  ML
20130226.11.22 20130226  11  22  08.000   40.8725    30.4725    3.5   8.4 25.6   1.3  ML
20130226.04.04 20130226  04  04  54.000   40.7555    30.2672    11.8  8.4 25.6   2.0  ML
20130226.00.29 20130226  00  29  11.000   40.626     30.0953    11.6  8.4 25.6   0.8  ML
20130224.19.40 20130224  19  40  58.000   40.7418    30.2722    7.7   8.4 25.6   1.0  ML
20130224.05.09 20130224  05  09  06.000   40.757     30.2737    10.6  8.4 25.6   2.5  ML
20130221.15.12 20130221  15  12  18.000   40.9792    30.6033    4.6   8.4 25.6   1.7  ML
20130221.10.52 20130221  10  52  39.000   40.6513    29.9798    3.3   8.4 25.6   1.0  ML
20130219.13.55 20130219  13  55  41.000   40.5847    30.3178    2.9   8.4 25.6   1.9  ML
20130219.02.18 20130219  02  18  41.000   40.7402    30.3183    3.5   8.4 25.6   1.0  ML
20130219.02.04 20130219  02  04  42.000   40.7418    30.3483    6.2   8.4 25.6   1.0  ML
20130219.02.00 20130219  02  00  55.000   40.6635    30.4795    7.8   8.4 25.6   1.9  ML
20130218.14.57 20130218  14  57  15.000   40.92      30.4037    2.0   8.4 25.6   1.2  ML
20130218.00.21 20130218  00  21  14.000   40.3468    30.093     4.0   8.4 25.6   0.8  ML
20130216.14.30 20130216  14  30  20.000   40.6863    30.1242    4.9   8.4 25.6   1.2  ML
20130215.12.54 20130215  12  54  39.000   40.4032    29.9905    8.0   8.4 25.6   1.1  ML
20130215.10.50 20130215  10  50  46.000   40.5928    30.3185    3.0   8.4 25.6   1.7  ML
20130214.23.29 20130214  23  29  37.000   40.335     30.0173    7.3   8.4 25.6   1.1  ML
20130214.17.54 20130214  17  54  37.000   40.8797    30.6942    12.1  8.4 25.6   2.7  ML
20130214.15.27 20130214  15  27  39.000   40.2558    29.9653    10.7  8.4 25.6   1.7  ML
20130209.15.50 20130209  15  50  30.000   40.8797    30.3925    6.0   8.4 25.6   1.1  ML
20130209.05.33 20130209  05  33  38.000   40.697     30.5918    9.1   8.4 25.6   1.4  ML
20130208.12.00 20130208  12  00  09.000   40.2505    30.2295    5.5   8.4 25.6   1.2  ML
20130206.22.58 20130206  22  58  03.000   40.7145    30.1445    8.0   8.4 25.6   2.0  ML
20130206.22.43 20130206  22  43  31.000   40.6633    30.4858    3.1   8.4 25.6   1.7  ML
20130203.14.26 20130203  14  26  33.000   40.7072    30.383     8.2   8.4 25.6   0.9  ML
20130203.11.43 20130203  11  43  29.000   40.6423    30.355     8.0   8.4 25.6   1.0  ML
20130201.00.14 20130201  00  14  08.000   40.718     30.4778    8.5   8.4 25.6   0.8  ML
20130131.22.25 20130131  22  25  55.000   40.6095    30.6215    5.5   8.4 25.6   1.4  ML
20130131.13.57 20130131  13  57  22.000   40.4733    30.3533    10.3  8.4 25.6   1.6  ML
20130130.06.53 20130130  06  53  36.000   40.6805    30.6097    5.7   8.4 25.6   1.3  ML
20130129.12.40 20130129  12  40  33.000   40.4043    29.971     6.5   8.4 25.6   1.5  ML
20130128.09.22 20130128  09  22  04.000   40.374     30.1622    8.2   8.4 25.6   1.7  ML
20130128.06.49 20130128  06  49  27.000   40.3623    30.1003    4.7   8.4 25.6   1.4  ML
20130126.17.56 20130126  17  56  58.000   40.7562    30.1413    6.6   8.4 25.6   1.3  ML
20130125.18.45 20130125  18  45  38.000   40.7588    30.1223    11.1  8.4 25.6   1.8  ML
20130125.10.18 20130125  10  18  04.000   40.6202    30.3217    4.2   8.4 25.6   1.2  ML
20130123.18.33 20130123  18  33  25.000   40.7332    30.4548    10.3  8.4 25.6   1.1  ML
20130123.15.45 20130123  15  45  33.000   40.4142    30.0167    10.7  8.4 25.6   1.3  ML
20130123.12.44 20130123  12  44  48.000   40.3928    30.16      5.6   8.4 25.6   2.6  ML
20130120.06.14 20130120  06  14  41.000   40.7225    29.9602    6.6   8.4 25.6   1.3  ML
20130119.10.45 20130119  10  45  16.000   40.8725    30.425     7.6   8.4 25.6   1.7  ML
20130119.10.40 20130119  10  40  48.000   40.5928    30.3153    3.4   8.4 25.6   1.6  ML
20130118.09.48 20130118  09  48  39.000   40.6673    30.469     8.4   8.4 25.6   1.1  ML
20130118.03.04 20130118  03  04  20.000   40.6975    30.6277    10.3  8.4 25.6   2.0  ML
20130116.14.14 20130116  14  14  21.000   40.618     30.3777    7.6   8.4 25.6   1.4  ML
20130116.13.51 20130116  13  51  07.000   40.4147    30.0115    3.2   8.4 25.6   1.7  ML
20130113.02.33 20130113  02  33  28.000   40.7183    30.0362    10.9  8.4 25.6   0.8  ML
20130113.02.07 20130113  02  07  16.000   40.7155    30.0003    6.8   8.4 25.6   0.9  ML
20130113.02.01 20130113  02  01  22.000   40.7185    29.9943    10.9  8.4 25.6   1.1  ML
20130113.00.07 20130113  00  07  28.000   40.3775    30.0427    1.8   8.4 25.6   1.8  ML
20130109.16.10 20130109  16  10  08.000   40.7048    30.6573    7.8   8.4 25.6   1.9  ML
20130107.13.24 20130107  13  24  24.000   40.4147    30.0042    8.0   8.4 25.6   1.5  ML
20130107.12.38 20130107  12  38  15.000   40.403     29.966     2.4   8.4 25.6   1.6  ML
20130106.14.17 20130106  14  17  28.000   40.421     30.0272    9.1   8.4 25.6   1.8  ML
20130105.11.56 20130105  11  56  52.000   40.5912    30.3043    1.2   8.4 25.6   1.5  ML
20130104.22.36 20130104  22  36  25.000   40.9357    30.4865    6.1   8.4 25.6   1.6  ML
20130104.02.25 20130104  02  25  30.000   40.6413    30.5237    6.7   8.4 25.6   1.2  ML
20130103.13.04 20130103  13  04  40.000   40.3263    30.1588    6.3   8.4 25.6   1.3  ML
20130102.10.27 20130102  10  27  57.000   40.5908    30.3113    3.2   8.4 25.6   1.6  ML
20121231.19.00 20121231  19  00  50.000   40.7262    30.45      8.2   8.4 25.6   1.5  ML
20121231.11.31 20121231  11  31  03.000   40.5322    30.0813    6.5   8.4 25.6   0.8  ML
20121230.06.50 20121230  06  50  51.000   40.6865    30.6042    2.6   8.4 25.6   1.0  ML
20121228.13.13 20121228  13  13  18.000   40.2782    29.9893    3.3   8.4 25.6   1.3  ML
20121227.14.22 20121227  14  22  51.000   40.311     29.965     9.1   8.4 25.6   1.1  ML
20121227.13.20 20121227  13  20  56.000   40.2972    29.9988    4.5   8.4 25.6   1.4  ML
20121226.14.35 20121226  14  35  40.000   40.2808    30.0003    3.1   8.4 25.6   1.2  ML
20121226.14.22 20121226  14  22  02.000   40.266     30.0388    5.5   8.4 25.6   1.3  ML
20121226.13.27 20121226  13  27  49.000   40.412     29.9942    3.6   8.4 25.6   1.0  ML
20121225.13.15 20121225  13  15  54.000   40.6052    30.0932    3.1   8.4 25.6   0.8  ML
20121224.12.29 20121224  12  29  08.000   40.887     30.4107    4.8   8.4 25.6   1.4  ML
20121223.19.47 20121223  19  47  37.000   40.3295    30.0863    6.7   8.4 25.6   1.5  ML
20121222.19.51 20121222  19  51  41.000   40.6965    30.543     2.9   8.4 25.6   1.1  ML
20121220.14.16 20121220  14  16  22.000   40.4692    30.356     4.9   8.4 25.6   0.9  ML
20121220.13.03 20121220  13  03  57.000   40.7093    30.1758    3.8   8.4 25.6   1.5  ML
20121220.10.28 20121220  10  28  32.000   40.8853    30.4115    3.0   8.4 25.6   1.5  ML
20121217.18.31 20121217  18  31  15.000   40.4157    30.6752    11.9  8.4 25.6   0.9  ML
20121217.14.39 20121217  14  39  34.000   40.6068    30.437     4.1   8.4 25.6   0.9  ML
20121217.09.08 20121217  09  08  44.000   40.9095    30.6355    14.4  8.4 25.6   1.3  ML
20121216.04.06 20121216  04  06  48.000   40.6283    30.3307    2.8   8.4 25.6   0.9  ML
20121213.13.37 20121213  13  37  45.000   40.4222    30.0208    5.5   8.4 25.6   0.8  ML
20121212.23.46 20121212  23  46  52.000   40.5092    30.464     6.6   8.4 25.6   0.9  ML
20121211.14.51 20121211  14  51  49.000   40.9135    30.6043    4.9   8.4 25.6   1.4  ML
20121211.00.10 20121211  00  10  07.000   40.7093    30.0155    5.1   8.4 25.6   1.2  ML
20121210.15.08 20121210  15  08  50.000   40.957     30.5267    7.0   8.4 25.6   1.5  ML
20121209.13.40 20121209  13  40  14.000   40.252     30.0498    2.5   8.4 25.6   1.1  ML
20121207.13.10 20121207  13  10  41.000   40.4068    29.9708    3.4   8.4 25.6   1.1  ML
20121206.16.17 20121206  16  17  13.000   40.7883    30.4323    8.0   8.4 25.6   0.9  ML
20121206.15.45 20121206  15  45  25.000   40.7383    30.4075    13.8  8.4 25.6   0.9  ML
20121206.12.55 20121206  12  55  11.000   40.7583    30.3597    9.2   8.4 25.6   0.9  ML
20121206.12.31 20121206  12  31  40.000   40.7458    30.389     8.0   8.4 25.6   0.9  ML
20121206.12.22 20121206  12  22  50.000   40.7698    30.4095    8.9   8.4 25.6   2.2  ML
20121206.07.19 20121206  07  19  49.000   40.7522    30.3708    5.1   8.4 25.6   1.2  ML
20121206.05.02 20121206  05  02  05.000   40.765     30.4202    6.4   8.4 25.6   1.0  ML
20121206.04.53 20121206  04  53  50.000   40.7577    30.398     9.7   8.4 25.6   2.7  ML
20121205.12.06 20121205  12  06  18.000   40.439     30.0173    5.0   8.4 25.6   1.0  ML
20121205.08.33 20121205  08  33  56.000   40.7915    30.4298    12.6  8.4 25.6   1.1  ML
20121129.14.53 20121129  14  53  09.000   40.4003    29.9763    5.6   8.4 25.6   1.2  ML
20121127.10.59 20121127  10  59  54.000   40.8828    30.4108    4.4   8.4 25.6   2.0  ML
20121127.05.11 20121127  05  11  32.000   40.4813    30.4565    4.5   8.4 25.6   1.1  ML
20121124.12.06 20121124  12  06  19.000   40.4135    29.9845    4.3   8.4 25.6   1.2  ML
20121121.14.08 20121121  14  08  57.000   40.4168    29.9982    9.5   8.4 25.6   0.9  ML
20121121.13.00 20121121  13  00  41.000   40.4135    30.0005    2.7   8.4 25.6   1.2  ML
20121119.07.59 20121119  07  59  43.000   40.6688    30.4645    5.3   8.4 25.6   1.0  ML
20121117.12.57 20121117  12  57  11.000   40.3012    30.0215    4.0   8.4 25.6   1.1  ML
20121116.12.56 20121116  12  56  19.000   40.4132    29.9865    5.5   8.4 25.6   1.2  ML
20121116.02.57 20121116  02  57  52.000   40.696     30.357     11.8  8.4 25.6   0.9  ML
20121113.18.17 20121113  18  17  30.000   40.7195    30.1582    4.7   8.4 25.6   2.1  ML
20121113.12.33 20121113  12  33  22.000   40.4143    30.0447    6.5   8.4 25.6   1.1  ML
20121111.06.17 20121111  06  17  59.000   40.4343    30.0875    5.5   8.4 25.6   1.3  ML
20121110.17.03 20121110  17  03  56.000   40.9482    30.588     3.3   8.4 25.6   1.5  ML
20121109.13.00 20121109  13  00  46.000   40.3948    29.9852    5.6   8.4 25.6   1.1  ML
20121108.17.30 20121108  17  30  29.000   40.7123    30.458     13.0  8.4 25.6   1.0  ML
20121108.14.48 20121108  14  48  39.000   40.4868    30.285     14.7  8.4 25.6   0.9  ML
20121108.13.43 20121108  13  43  36.000   40.7538    30.4392    12.3  8.4 25.6   1.4  ML
20121107.13.45 20121107  13  45  58.000   40.5115    30.6885    8.6   8.4 25.6   1.3  ML
20121106.23.44 20121106  23  44  15.000   40.7732    30.3982    7.7   8.4 25.6   0.9  ML
20121106.21.54 20121106  21  54  48.000   40.7458    30.3953    6.1   8.4 25.6   0.9  ML
20121106.15.08 20121106  15  08  43.000   40.4688    30.3385    4.0   8.4 25.6   1.5  ML
20121106.15.00 20121106  15  00  05.000   40.8963    30.4217    4.2   8.4 25.6   1.9  ML
20121106.07.19 20121106  07  19  20.000   40.3685    30.0467    2.5   8.4 25.6   1.6  ML
20121105.16.12 20121105  16  12  07.000   40.5903    30.3883    7.1   8.4 25.6   1.5  ML
20121105.14.30 20121105  14  30  44.000   40.4717    30.337     1.6   8.4 25.6   1.6  ML
20121105.14.18 20121105  14  18  28.000   40.6785    30.1805    4.0   8.4 25.6   0.8  ML
20121028.23.39 20121028  23  39  57.000   40.4217    30.022     10.9  8.4 25.6   1.1  ML
20121025.17.11 20121025  17  11  23.000   40.4885    30.0397    12.5  8.4 25.6   0.9  ML
20121025.03.48 20121025  03  48  51.000   40.3108    30.4625    7.9   8.4 25.6   0.8  ML
20121024.01.03 20121024  01  03  59.000   40.7078    30.6795    8.5   8.4 25.6   2.1  ML
20121023.15.07 20121023  15  07  34.000   40.5903    30.3675    1.5   8.4 25.6   1.7  ML
20121023.03.08 20121023  03  08  01.000   40.6595    30.599     10.5  8.4 25.6   1.4  ML
20121022.14.12 20121022  14  12  52.000   40.486     30.3823    14.1  8.4 25.6   1.3  ML
20121021.23.43 20121021  23  43  02.000   40.6552    30.626     11.1  8.4 25.6   1.6  ML
20121020.11.38 20121020  11  38  32.000   40.2838    30.0487    5.5   8.4 25.6   1.4  ML
20121019.11.46 20121019  11  46  40.000   40.4148    29.9952    3.6   8.4 25.6   1.1  ML
20121019.09.08 20121019  09  08  18.000   40.7932    30.4652    11.8  8.4 25.6   1.3  ML
20121019.07.12 20121019  07  12  24.000   40.8433    30.4468    4.7   8.4 25.6   1.2  ML
20121018.23.29 20121018  23  29  13.000   40.6993    30.3742    8.7   8.4 25.6   1.0  ML
20121018.22.27 20121018  22  27  28.000   40.7772    30.4153    12.5  8.4 25.6   1.3  ML
20121018.20.49 20121018  20  49  11.000   40.3612    30.0195    6.0   8.4 25.6   2.0  ML
20121014.15.47 20121014  15  47  25.000   40.7118    30.3265    11.6  8.4 25.6   1.6  ML
20121014.08.36 20121014  08  36  39.000   40.705     30.3027    12.0  8.4 25.6   2.8  ML
20121014.04.24 20121014  04  24  15.000   40.3917    30.1603    3.8   8.4 25.6   1.2  ML
20121013.14.06 20121013  14  06  19.000   40.4177    30.002     2.5   8.4 25.6   1.7  ML
20121012.19.51 20121012  19  51  07.000   40.7015    30.6505    9.3   8.4 25.6   1.7  ML
20121012.00.26 20121012  00  26  29.000   40.7045    30.6185    13.6  8.4 25.6   0.8  ML
20121008.13.04 20121008  13  04  08.000   40.6277    30.4493    9.1   8.4 25.6   1.1  ML
20121007.14.09 20121007  14  09  01.000   40.2535    29.9933    2.0   8.4 25.6   1.1  ML
20121007.09.13 20121007  09  13  43.000   40.4583    30.0452    9.2   8.4 25.6   2.5  ML
20121007.05.08 20121007  05  08  10.000   40.761     30.3938    10.7  8.4 25.6   0.9  ML
20121006.07.31 20121006  07  31  04.000   40.8167    30.3888    4.4   8.4 25.6   0.8  ML
20121005.21.52 20121005  21  52  37.000   40.4032    30.109     4.8   8.4 25.6   0.8  ML
20121005.16.49 20121005  16  49  54.000   40.7258    30.0883    9.7   8.4 25.6   0.9  ML
20121005.16.40 20121005  16  40  22.000   40.7472    30.1113    6.6   8.4 25.6   1.6  ML
20121005.16.25 20121005  16  25  36.000   40.726     30.0737    6.1   8.4 25.6   0.9  ML
20121005.16.00 20121005  16  00  34.000   40.7327    30.0778    11.3  8.4 25.6   1.0  ML
20120929.17.12 20120929  17  12  25.000   40.6682    30.5172    10.5  8.4 25.6   1.1  ML
20120929.08.56 20120929  08  56  26.000   40.7555    30.3963    6.5   8.4 25.6   1.0  ML
20120929.04.44 20120929  04  44  35.000   40.7552    30.4003    8.0   8.4 25.6   0.9  ML
20120928.21.36 20120928  21  36  07.000   40.6802    29.9655    4.9   8.4 25.6   1.1  ML
20120928.13.30 20120928  13  30  56.000   40.2525    30.0098    7.1   8.4 25.6   2.0  ML
20120928.00.55 20120928  00  55  58.000   40.4033    29.9738    7.1   8.4 25.6   1.5  ML
20120928.00.03 20120928  00  03  23.000   40.4073    30.1168    3.5   8.4 25.6   1.0  ML
20120926.13.23 20120926  13  23  20.000   40.498     30.4203    11.4  8.4 25.6   0.9  ML
20120926.12.02 20120926  12  02  01.000   40.4972    30.412     6.6   8.4 25.6   0.9  ML
20120925.18.13 20120925  18  13  08.000   40.486     30.4198    6.6   8.4 25.6   1.2  ML
20120925.18.02 20120925  18  02  16.000   40.495     30.409     9.7   8.4 25.6   1.1  ML
20120925.10.19 20120925  10  19  17.000   40.7103    30.162     5.8   8.4 25.6   1.1  ML
20120924.13.40 20120924  13  40  29.000   40.4043    29.9743    7.3   8.4 25.6   1.9  ML
20120923.19.59 20120923  19  59  49.000   40.7335    30.337     6.4   8.4 25.6   1.3  ML
20120923.14.07 20120923  14  07  48.000   40.3953    30.1388    5.1   8.4 25.6   1.6  ML
20120921.00.41 20120921  00  41  00.000   40.5282    30.532     7.3   8.4 25.6   1.0  ML
20120920.14.34 20120920  14  34  57.000   40.4105    29.9825    5.6   8.4 25.6   1.9  ML
20120918.18.35 20120918  18  35  40.000   40.7588    30.4028    7.2   8.4 25.6   1.1  ML
20120915.12.30 20120915  12  30  45.000   40.7733    30.2772    5.0   8.4 25.6   0.9  ML
20120914.04.25 20120914  04  25  35.000   40.6652    30.6903    5.6   8.4 25.6   1.6  ML
20120913.15.39 20120913  15  39  16.000   40.6398    30.4582    9.6   8.4 25.6   0.9  ML
20120913.09.11 20120913  09  11  11.000   40.7077    30.6258    8.7   8.4 25.6   1.2  ML
20120912.13.58 20120912  13  58  37.000   40.708     30.6657    10.8  8.4 25.6   2.2  ML
20120912.11.51 20120912  11  51  57.000   40.7088    30.6578    9.0   8.4 25.6   1.8  ML
20120912.04.48 20120912  04  48  06.000   40.6962    30.6085    14.0  8.4 25.6   0.8  ML
20120912.04.45 20120912  04  45  36.000   40.7055    30.658     11.8  8.4 25.6   3.5  ML
20120911.20.03 20120911  20  03  53.000   40.6887    30.6348    10.2  8.4 25.6   2.1  ML
20120910.19.54 20120910  19  54  32.000   40.6377    30.6192    14.1  8.4 25.6   1.2  ML
20120908.08.57 20120908  08  57  51.000   40.4112    29.9847    9.6   8.4 25.6   1.1  ML
20120905.07.21 20120905  07  21  37.000   40.6633    30.5393    9.4   8.4 25.6   1.1  ML
20120830.13.02 20120830  13  02  37.000   40.6352    30.4563    11.0  8.4 25.6   1.4  ML
20120830.10.35 20120830  10  35  39.000   40.4295    30.0298    5.5   8.4 25.6   1.0  ML
20120830.09.54 20120830  09  54  50.000   40.6103    30.121     3.8   8.4 25.6   1.0  ML
20120828.09.13 20120828  09  13  06.000   40.4167    30.0352    3.4   8.4 25.6   1.3  ML
20120827.10.34 20120827  10  34  16.000   40.3968    30.2057    9.0   8.4 25.6   1.3  ML
20120825.10.53 20120825  10  53  06.000   40.4152    30.0392    6.2   8.4 25.6   0.9  ML
20120824.15.23 20120824  15  23  42.000   40.7633    30.4143    3.8   8.4 25.6   0.8  ML
20120823.20.22 20120823  20  22  18.000   40.7148    30.1582    6.0   8.4 25.6   1.0  ML
20120823.13.09 20120823  13  09  19.000   40.4202    30.0365    7.9   8.4 25.6   1.0  ML
20120823.09.06 20120823  09  06  32.000   40.4013    30.0032    7.0   8.4 25.6   1.3  ML
20120819.00.19 20120819  00  19  31.000   40.7628    30.4082    9.2   8.4 25.6   0.9  ML
20120818.01.10 20120818  01  10  59.000   40.7805    30.651     8.2   8.4 25.6   1.7  ML
20120817.14.08 20120817  14  08  34.000   40.7492    30.3917    11.9  8.4 25.6   1.7  ML
20120817.09.57 20120817  09  57  36.000   40.4827    30.3205    6.1   8.4 25.6   1.2  ML
20120817.08.03 20120817  08  03  23.000   40.7623    30.3988    9.0   8.4 25.6   1.9  ML
20120816.11.50 20120816  11  50  02.000   40.2567    29.957     2.9   8.4 25.6   1.4  ML
20120816.11.09 20120816  11  09  01.000   40.6455    30.441     5.2   8.4 25.6   1.1  ML
20120816.08.38 20120816  08  38  33.000   40.8143    30.431     9.5   8.4 25.6   1.2  ML
20120815.00.42 20120815  00  42  53.000   40.6713    30.5252    6.9   8.4 25.6   0.9  ML
20120814.14.58 20120814  14  58  03.000   40.744     30.4535    3.7   8.4 25.6   1.2  ML
20120814.14.05 20120814  14  05  29.000   40.5113    30.1852    12.5  8.4 25.6   1.0  ML
20120814.12.27 20120814  12  27  01.000   40.6138    30.4438    4.6   8.4 25.6   1.3  ML
20120814.11.39 20120814  11  39  04.000   40.3898    29.9895    6.5   8.4 25.6   1.2  ML
20120814.11.04 20120814  11  04  08.000   40.4078    30.0007    9.4   8.4 25.6   1.0  ML
20120814.01.09 20120814  01  09  41.000   40.7118    30.3437    10.4  8.4 25.6   1.0  ML
20120812.16.05 20120812  16  05  18.000   40.7048    30.6548    7.6   8.4 25.6   1.9  ML
20120812.15.44 20120812  15  44  55.000   40.711     30.3385    7.3   8.4 25.6   1.2  ML
20120812.13.36 20120812  13  36  10.000   40.4158    30.0002    8.0   8.4 25.6   1.1  ML
20120810.14.32 20120810  14  32  44.000   40.4172    29.964     5.6   8.4 25.6   1.8  ML
20120809.19.25 20120809  19  25  59.000   40.886     30.3188    1.2   8.4 25.6   0.8  ML
20120809.01.54 20120809  01  54  25.000   40.7633    30.416     11.0  8.4 25.6   0.8  ML
20120807.15.33 20120807  15  33  33.000   40.7635    30.399     9.7   8.4 25.6   1.0  ML
20120805.15.51 20120805  15  51  55.000   40.4938    30.3148    11.2  8.4 25.6   1.6  ML
20120731.10.47 20120731  10  47  12.000   40.9163    30.4185    3.6   8.4 25.6   1.5  ML
20120728.13.59 20120728  13  59  49.000   40.879     30.4398    4.4   8.4 25.6   1.8  ML
20120728.13.30 20120728  13  30  01.000   40.4752    30.317     4.5   8.4 25.6   1.2  ML
20120727.14.11 20120727  14  11  08.000   40.8675    30.438     8.0   8.4 25.6   1.6  ML
20120727.13.45 20120727  13  45  22.000   40.4388    30.0408    5.5   8.4 25.6   1.0  ML
20120726.13.53 20120726  13  53  31.000   40.7187    30.3325    7.8   8.4 25.6   1.3  ML
20120726.13.48 20120726  13  48  32.000   40.7167    30.3302    12.0  8.4 25.6   1.1  ML
20120726.10.07 20120726  10  07  23.000   40.7223    30.312     8.5   8.4 25.6   1.0  ML
20120726.08.08 20120726  08  08  25.000   40.6893    30.2902    5.6   8.4 25.6   0.9  ML
20120726.01.15 20120726  01  15  53.000   40.7392    30.3317    8.0   8.4 25.6   0.9  ML
20120726.01.10 20120726  01  10  22.000   40.7182    30.3322    10.0  8.4 25.6   1.3  ML
20120725.22.07 20120725  22  07  45.000   40.7375    30.3022    12.1  8.4 25.6   0.8  ML
20120725.20.31 20120725  20  31  46.000   40.7397    30.3063    14.7  8.4 25.6   0.8  ML
20120725.20.27 20120725  20  27  40.000   40.7202    30.3987    13.3  8.4 25.6   0.8  ML
20120725.20.24 20120725  20  24  35.000   40.716     30.3318    7.6   8.4 25.6   1.5  ML
20120725.20.10 20120725  20  10  12.000   40.7077    30.3467    6.3   8.4 25.6   1.3  ML
20120725.12.30 20120725  12  30  06.000   40.9092    30.4073    11.5  8.4 25.6   0.9  ML
20120724.15.57 20120724  15  57  09.000   40.4775    30.2845    8.6   8.4 25.6   1.0  ML
20120724.13.24 20120724  13  24  55.000   40.4895    30.1088    11.8  8.4 25.6   1.4  ML
20120724.11.28 20120724  11  28  15.000   40.5982    30.4458    7.0   8.4 25.6   1.4  ML
20120723.12.38 20120723  12  38  23.000   40.4717    30.024     3.3   8.4 25.6   0.9  ML
20120722.15.00 20120722  15  00  28.000   40.8173    30.4248    10.9  8.4 25.6   1.1  ML
20120722.08.17 20120722  08  17  01.000   40.4063    30.0417    3.8   8.4 25.6   1.1  ML
20120720.12.35 20120720  12  35  35.000   40.8865    30.4147    7.7   8.4 25.6   1.6  ML
20120715.17.35 20120715  17  35  04.000   40.7053    30.6152    10.8  8.4 25.6   1.0  ML
20120714.07.43 20120714  07  43  35.000   40.4148    30.0137    3.5   8.4 25.6   1.0  ML
20120713.15.35 20120713  15  35  25.000   40.2872    30.0245    4.4   8.4 25.6   0.9  ML
20120713.15.15 20120713  15  15  00.000   40.2582    30.023     1.0   8.4 25.6   1.2  ML
20120707.10.41 20120707  10  41  34.000   40.7608    30.3892    11.5  8.4 25.6   0.9  ML
20120707.09.20 20120707  09  20  12.000   40.7647    30.3957    10.5  8.4 25.6   1.9  ML
20120707.08.48 20120707  08  48  43.000   40.7627    30.404     10.8  8.4 25.6   1.1  ML
20120707.08.17 20120707  08  17  35.000   40.7617    30.3977    3.9   8.4 25.6   0.9  ML
20120707.07.34 20120707  07  34  43.000   40.76      30.3955    11.0  8.4 25.6   1.3  ML
20120707.07.24 20120707  07  24  34.000   40.7628    30.3965    10.8  8.4 25.6   2.1  ML
20120707.07.14 20120707  07  14  25.000   40.7643    30.3938    11.6  8.4 25.6   2.2  ML
20120707.07.11 20120707  07  11  07.000   40.7617    30.4033    10.7  8.4 25.6   1.9  ML
20120707.07.07 20120707  07  07  46.000   40.7632    30.3957    10.0  8.4 25.6   4.1  ML
20120707.06.56 20120707  06  56  02.000   40.7632    30.3962    11.6  8.4 25.6   2.3  ML
20120706.15.26 20120706  15  26  49.000   40.6242    30.5973    11.0  8.4 25.6   0.9  ML
20120706.11.38 20120706  11  38  03.000   40.253     30.1672    2.3   8.4 25.6   1.0  ML
20120630.15.42 20120630  15  42  57.000   40.8905    30.3842    3.3   8.4 25.6   2.0  ML
20120628.17.46 20120628  17  46  07.000   40.4858    30.1422    6.7   8.4 25.6   2.1  ML
20120626.21.14 20120626  21  14  00.000   40.7152    30.6142    9.0   8.4 25.6   1.0  ML
20120626.14.32 20120626  14  32  53.000   40.4172    30.0047    2.3   8.4 25.6   1.0  ML
20120625.03.47 20120625  03  47  28.000   40.7313    29.9692    9.5   8.4 25.6   1.6  ML
20120623.07.47 20120623  07  47  49.000   40.543     30.5717    9.2   8.4 25.6   1.7  ML
20120622.16.46 20120622  16  46  34.000   40.7595    30.4068    9.4   8.4 25.6   1.1  ML
20120622.16.07 20120622  16  07  27.000   40.5883    30.347     4.8   8.4 25.6   1.7  ML
20120622.09.54 20120622  09  54  55.000   40.6818    30.187     4.5   8.4 25.6   0.9  ML
20120620.08.16 20120620  08  16  21.000   40.4013    30.0735    5.6   8.4 25.6   0.8  ML
20120619.16.28 20120619  16  28  34.000   40.4733    30.332     5.5   8.4 25.6   2.1  ML
20120617.17.22 20120617  17  22  55.000   40.755     30.3125    5.5   8.4 25.6   0.9  ML
20120615.12.47 20120615  12  47  37.000   40.6017    30.4448    5.0   8.4 25.6   1.2  ML
20120615.10.02 20120615  10  02  58.000   40.561     30.1183    8.2   8.4 25.6   1.0  ML
20120615.08.05 20120615  08  05  07.000   40.7587    30.3738    11.1  8.4 25.6   0.9  ML
20120614.07.40 20120614  07  40  18.000   40.3822    30.0103    3.4   8.4 25.6   1.3  ML
20120613.07.03 20120613  07  03  28.000   40.3808    30.064     1.8   8.4 25.6   0.9  ML
20120612.14.01 20120612  14  01  10.000   40.5335    30.072     7.6   8.4 25.6   0.8  ML
20120611.12.39 20120611  12  39  45.000   40.9697    30.5365    13.0  8.4 25.6   1.5  ML
20120611.11.48 20120611  11  48  16.000   40.4245    30.0642    3.4   8.4 25.6   1.0  ML
20120610.11.28 20120610  11  28  35.000   40.7097    30.2593    10.5  8.4 25.6   1.2  ML
20120609.11.10 20120609  11  10  56.000   40.6945    30.6233    6.2   8.4 25.6   0.8  ML
20120609.08.48 20120609  08  48  59.000   40.4655    30.0117    9.5   8.4 25.6   1.4  ML
20120608.16.31 20120608  16  31  39.000   40.939     30.6108    11.4  8.4 25.6   1.2  ML
20120608.14.39 20120608  14  39  03.000   40.7885    30.4458    10.7  8.4 25.6   1.1  ML
20120608.14.25 20120608  14  25  14.000   40.4703    30.2672    3.5   8.4 25.6   1.3  ML
20120531.21.17 20120531  21  17  11.000   40.2923    30.1988    5.8   8.4 25.6   0.8  ML
20120530.01.12 20120530  01  12  16.000   40.6705    30.6057    6.4   8.4 25.6   1.4  ML
20120527.15.54 20120527  15  54  06.000   40.3888    30.1457    2.5   8.4 25.6   0.8  ML
20120526.14.46 20120526  14  46  44.000   40.8612    30.4268    5.5   8.4 25.6   0.9  ML
20120524.11.20 20120524  11  20  14.000   40.6293    30.1895    11.3  8.4 25.6   1.1  ML
20120523.12.32 20120523  12  32  08.000   40.4195    30.0108    2.3   8.4 25.6   1.1  ML
20120522.16.49 20120522  16  49  50.000   40.9165    30.5772    4.0   8.4 25.6   1.8  ML
20120522.16.08 20120522  16  08  34.000   40.6082    30.3668    4.7   8.4 25.6   1.5  ML
20120522.10.49 20120522  10  49  39.000   40.6187    30.0777    1.5   8.4 25.6   1.0  ML
20120522.08.56 20120522  08  56  30.000   40.3558    30.0092    4.4   8.4 25.6   2.0  ML
20120521.13.31 20120521  13  31  03.000   40.342     29.9757    1.9   8.4 25.6   1.0  ML
20120520.01.41 20120520  01  41  51.000   40.7278    30.1473    2.3   8.4 25.6   2.3  ML
20120520.00.05 20120520  00  05  48.000   40.7167    30.154     4.2   8.4 25.6   0.8  ML
20120519.08.26 20120519  08  26  03.000   40.5832    30.0942    6.8   8.4 25.6   0.8  ML
20120518.12.04 20120518  12  04  36.000   40.6063    30.6995    3.8   8.4 25.6   1.2  ML
20120517.15.07 20120517  15  07  25.000   40.5918    30.3592    5.5   8.4 25.6   1.6  ML
20120517.12.09 20120517  12  09  12.000   40.4237    29.9755    2.8   8.4 25.6   1.2  ML
20120516.13.05 20120516  13  05  51.000   40.5582    30.11      4.7   8.4 25.6   0.8  ML
20120516.11.51 20120516  11  51  08.000   40.2648    30.1405    1.4   8.4 25.6   0.9  ML
20120515.13.35 20120515  13  35  56.000   40.8838    30.3787    4.4   8.4 25.6   1.6  ML
20120512.13.51 20120512  13  51  49.000   40.5762    30.1712    5.7   8.4 25.6   0.8  ML
20120510.13.22 20120510  13  22  49.000   40.2663    30.1665    4.6   8.4 25.6   1.0  ML
20120510.12.50 20120510  12  50  25.000   40.2765    29.9712    5.5   8.4 25.6   1.9  ML
20120510.12.30 20120510  12  30  03.000   40.2687    29.97      6.0   8.4 25.6   1.8  ML
20120510.08.10 20120510  08  10  18.000   40.604     30.4248    7.7   8.4 25.6   0.9  ML
20120509.09.59 20120509  09  59  56.000   40.7635    30.4063    8.9   8.4 25.6   1.1  ML
20120508.18.07 20120508  18  07  54.000   40.9448    30.5102    2.0   8.4 25.6   1.4  ML
20120507.15.31 20120507  15  31  06.000   40.6973    30.3913    10.3  8.4 25.6   0.8  ML
20120507.05.34 20120507  05  34  32.000   40.5387    30.52      8.7   8.4 25.6   0.9  ML
