YH.SPNC    30.3083  40.6860  190.0
YH.KO07    30.1702  41.0459  68.0
YH.KO06    30.6510  41.0323  114.0
YH.KO05    30.9175  40.8716  187.0
YH.KO04    30.8134  40.5888  577.0
YH.KO03    30.8131  40.4281  915.0
YH.KO02    30.6244  40.1966  881.0
YH.KO01    30.3043  40.0849  216.0
YH.GULT    30.5156  40.4320  942.0
YH.DF11    30.4925  40.9293  45.0
YH.DF10    30.4972  40.8753  30.0
YH.DF09    30.4902  40.8056  24.0
YH.DF08    30.4963  40.7364  26.0
YH.DF07    30.4926  40.6782  129.0
YH.DF06    30.4792  40.6275  200.0
YH.DF05    30.4902  40.5399  728.0
YH.DF04    30.4943  40.4734  924.0
YH.DF02    30.4938  40.3585  744.0
YH.DF01    30.4972  40.3004  969.0
YH.DE11    30.3988  40.9289  69.0
YH.DE10    30.4000  40.8779  15.0
YH.DE09    30.4098  40.8097  27.0
YH.DE08    30.4065  40.7486  31.0
YH.DE07    30.4115  40.6797  40.0
YH.DE06    30.3799  40.6091  470.0
YH.DE05    30.4098  40.5224  532.0
YH.DE04    30.4104  40.4791  798.0
YH.DE03    30.4084  40.4200  683.0
YH.DE02    30.4044  40.3620  788.0
YH.DE01    30.4088  40.2975  629.0
YH.DD11    30.3132  40.9314  114.0
YH.DD10    30.3293  40.8621  29.0
YH.DD09    30.3291  40.8033  21.0
YH.DD06    30.3178  40.6235  182.0
YH.DD05    30.3294  40.5452  400.0
YH.DD04    30.3134  40.4953  140.0
YH.DD03    30.3302  40.4256  603.0
YH.DD02    30.3102  40.3777  269.0
YH.DD01    30.3167  40.2850  573.0
YH.DC11    30.2364  40.9286  167.0
YH.DC10    30.2490  40.8802  152.0
YH.DC09    30.2442  40.8078  82.0
YH.DC08    30.2501  40.7444  162.0
YH.DC07    30.2422  40.6671  164.0
YH.DC06    30.2658  40.6167  555.0
YH.DC05    30.2518  40.5634  249.0
YH.DC04    30.2356  40.4824  90.0
YH.DC03    30.2445  40.4249  455.0
YH.DC02    30.2349  40.3599  195.0
YH.DC01    30.2405  40.2969  717.0
YH.DB11    30.1658  40.9229  200.0
YH.DB10    30.1605  40.8618  247.0
YH.DB09    30.1619  40.8050  210.0
YH.DB08    30.1534  40.7393  121.0
YH.DB07    30.1788  40.6802  425.0
YH.DB06    30.2320  40.6447  311.0
YH.DB05    30.1246  40.5649  1153.0
YH.DB04    30.1612  40.4900  72.0
YH.DB03    30.1460  40.4212  526.0
YH.DB02    30.1634  40.3870  522.0
YH.DB01    30.1652  40.2845  606.0
YH.DA11    30.0762  40.9348  259.0
YH.DA10    30.0712  40.8593  422.0
YH.DA09    30.0827  40.8095  134.0
YH.DA08    30.0619  40.7421  50.0
YH.DA07    30.0868  40.6847  251.0
YH.DA06    30.0870  40.6156  780.0
YH.DA05    30.0884  40.5482  1004.0
YH.DA04    30.0922  40.4806  77.0
YH.DA03    30.0719  40.4372  202.0
YH.DA02    30.0620  40.3652  189.0
YH.DA01    30.0923  40.2844  195.0
KO.SPNC    30.3083  40.6860  190.0
KO.SILT    29.6430  41.1530  100.0
KO.HRTX    29.6729  40.8009  573.0
KO.GULT    30.5152  40.4320  942.0
KO.CAVI    29.8377  40.2018  670.0
KO.ADVT    29.7383  40.4332  193.0
