20130919.15.14 20130919  15  14  33.000   40.5997    29.9       6.8   8.4 25.6   1.2  ML
20130919.13.51 20130919  13  51  56.000   40.9498    30.5488    6.0   8.4 25.6   1.2  ML
20130917.09.06 20130917  09  06  21.000   40.5958    29.7648    7.6   8.4 25.6   1.5  ML
20130916.13.57 20130916  13  57  39.000   40.8772    30.424     4.1   8.4 25.6   1.7  ML
20130915.17.14 20130915  17  14  36.000   40.9215    30.7492    6.8   8.4 25.6   1.6  ML
20130914.16.17 20130914  16  17  56.000   40.7137    30.8308    7.5   8.4 25.6   1.3  ML
20130907.12.30 20130907  12  30  17.000   40.8575    30.4435    4.7   8.4 25.6   1.6  ML
20130906.17.08 20130906  17  08  35.000   40.2338    30.071     4.9   8.4 25.6   1.5  ML
20130905.03.52 20130905  03  52  56.000   40.5782    30.5422    3.2   8.4 25.6   2.1  ML
20130904.07.26 20130904  07  26  34.000   40.1573    29.926     6.0   8.4 25.6   1.4  ML
20130902.12.56 20130902  12  56  20.000   40.4037    29.9832    2.8   8.4 25.6   1.5  ML
20130902.10.58 20130902  10  58  43.000   40.9273    29.7517    5.8   8.4 25.6   1.9  ML
20130901.13.41 20130901  13  41  02.000   40.7173    30.4647    7.7   8.4 25.6   1.6  ML
20130830.04.42 20130830  04  42  59.000   40.9672    30.5788    2.0   8.4 25.6   1.3  ML
20130830.02.18 20130830  02  18  04.000   40.7908    30.9213    10.0  8.4 25.6   1.2  ML
20130829.01.02 20130829  01  02  30.000   40.7342    29.9707    9.3   8.4 25.6   2.0  ML
20130828.17.22 20130828  17  22  58.000   40.7083    30.7938    11.0  8.4 25.6   1.2  ML
20130828.13.13 20130828  13  13  29.000   40.0885    30.1003    2.8   8.4 25.6   1.5  ML
20130828.12.06 20130828  12  06  23.000   40.5302    30.5497    8.8   8.4 25.6   1.4  ML
20130820.10.18 20130820  10  18  06.000   40.9728    30.5808    4.9   8.4 25.6   1.4  ML
20130819.13.30 20130819  13  30  02.000   40.5315    30.1325    4.4   8.4 25.6   1.9  ML
20130814.14.49 20130814  14  49  06.000   40.5882    29.76      7.0   8.4 25.6   1.2  ML
20130808.02.49 20130808  02  49  44.000   40.7128    30.0568    2.7   8.4 25.6   1.6  ML
20130807.16.24 20130807  16  24  59.000   40.7287    30.7983    2.8   8.4 25.6   1.5  ML
20130806.12.08 20130806  12  08  55.000   40.6853    30.5372    13.9  8.4 25.6   2.3  ML
20130804.23.00 20130804  23  00  49.000   40.2627    30.8013    5.7   8.4 25.6   1.3  ML
20130803.10.08 20130803  10  08  25.000   40.6018    29.8828    9.1   8.4 25.6   1.4  ML
20130802.12.18 20130802  12  18  54.000   40.5958    30.3178    2.5   8.4 25.6   1.7  ML
20130802.06.42 20130802  06  42  23.000   40.6797    30.6218    13.5  8.4 25.6   1.9  ML
20130731.15.32 20130731  15  32  31.000   41.0655    30.0407    5.9   8.4 25.6   1.4  ML
20130731.15.04 20130731  15  04  17.000   40.5822    29.7625    6.5   8.4 25.6   1.2  ML
20130730.13.55 20130730  13  55  14.000   41.1405    30.6662    1.1   8.4 25.6   1.7  ML
20130730.11.43 20130730  11  43  27.000   40.5553    30.8165    1.4   8.4 25.6   1.3  ML
20130728.16.41 20130728  16  41  51.000   40.5768    30.8257    2.7   8.4 25.6   1.4  ML
20130726.15.06 20130726  15  06  50.000   40.6007    29.7767    2.0   8.4 25.6   1.2  ML
20130724.19.25 20130724  19  25  30.000   40.7533    30.261     6.4   8.4 25.6   1.3  ML
20130722.17.51 20130722  17  51  21.000   40.7152    30.3187    2.7   8.4 25.6   1.2  ML
20130722.15.02 20130722  15  02  44.000   40.5807    29.8412    14.8  8.4 25.6   1.5  ML
20130722.07.39 20130722  07  39  55.000   40.6862    30.6495    15.1  8.4 25.6   1.6  ML
20130720.15.51 20130720  15  51  11.000   40.5935    29.7373    11.7  8.4 25.6   1.5  ML
20130720.14.09 20130720  14  09  51.000   40.0915    30.097     2.9   8.4 25.6   2.1  ML
20130720.12.29 20130720  12  29  34.000   40.8747    30.4315    7.0   8.4 25.6   1.9  ML
20130719.12.23 20130719  12  23  59.000   40.466     30.9482    3.3   8.4 25.6   2.0  ML
20130719.11.18 20130719  11  18  24.000   40.7483    30.144     7.0   8.4 25.6   1.6  ML
20130718.15.37 20130718  15  37  03.000   40.5797    29.7622    2.2   8.4 25.6   1.8  ML
20130718.14.43 20130718  14  43  57.000   40.7075    30.815     19.6  8.4 25.6   1.6  ML
20130718.13.59 20130718  13  59  25.000   40.8842    30.5077    5.5   8.4 25.6   1.2  ML
20130718.11.58 20130718  11  58  45.000   40.6443    30.3382    5.1   8.4 25.6   1.2  ML
20130718.03.32 20130718  03  32  39.000   40.6865    30.661     12.3  8.4 25.6   1.5  ML
20130717.14.25 20130717  14  25  18.000   40.7195    30.6073    3.3   8.4 25.6   1.4  ML
20130717.13.47 20130717  13  47  31.000   40.6992    30.6068    5.5   8.4 25.6   1.2  ML
20130717.12.29 20130717  12  29  09.000   40.5268    30.8445    8.2   8.4 25.6   1.7  ML
20130716.11.02 20130716  11  02  42.000   40.8687    30.4452    5.5   8.4 25.6   1.2  ML
20130716.00.22 20130716  00  22  31.000   40.6827    30.6465    14.2  8.4 25.6   1.6  ML
20130715.19.32 20130715  19  32  02.000   40.6442    30.3767    4.9   8.4 25.6   1.7  ML
20130715.15.53 20130715  15  53  59.000   40.7065    30.81      10.4  8.4 25.6   1.4  ML
20130715.02.05 20130715  02  05  21.000   40.8545    30.8767    8.0   8.4 25.6   1.8  ML
20130714.15.31 20130714  15  31  25.000   40.1073    30.0833    13.8  8.4 25.6   1.6  ML
20130713.08.52 20130713  08  52  34.000   40.7928    30.4415    11.0  8.4 25.6   1.2  ML
20130709.16.42 20130709  16  42  22.000   40.4498    29.9787    8.9   8.4 25.6   1.3  ML
20130706.11.29 20130706  11  29  42.000   40.3783    30.1037    6.7   8.4 25.6   1.4  ML
20130705.15.29 20130705  15  29  52.000   40.5837    29.7602    5.2   8.4 25.6   1.3  ML
20130703.10.05 20130703  10  05  03.000   40.1498    29.983     6.0   8.4 25.6   2.0  ML
20130703.09.22 20130703  09  22  15.000   40.5727    30.5448    4.7   8.4 25.6   2.5  ML
20130702.14.55 20130702  14  55  23.000   40.1412    29.9985    3.2   8.4 25.6   2.2  ML
20130702.11.14 20130702  11  14  51.000   40.1555    30.0118    6.0   8.4 25.6   2.3  ML
20130701.11.13 20130701  11  13  16.000   40.972     30.596     2.6   8.4 25.6   1.3  ML
20130630.03.22 20130630  03  22  06.000   40.6775    30.6133    6.5   8.4 25.6   3.3  ML
20130630.02.53 20130630  02  53  56.000   40.6825    30.6687    12.0  8.4 25.6   1.8  ML
20130629.16.47 20130629  16  47  38.000   40.8903    30.9192    9.3   8.4 25.6   2.1  ML
20130629.10.53 20130629  10  53  19.000   40.8807    30.6417    5.0   8.4 25.6   1.6  ML
20130628.16.10 20130628  16  10  53.000   40.907     30.6482    5.2   8.4 25.6   1.7  ML
20130628.14.00 20130628  14  00  12.000   40.1343    30.1043    5.5   8.4 25.6   1.8  ML
20130626.17.16 20130626  17  16  58.000   40.7148    30.6242    9.8   8.4 25.6   1.7  ML
20130626.12.57 20130626  12  57  45.000   40.881     30.4693    2.8   8.4 25.6   1.6  ML
20130626.08.27 20130626  08  27  20.000   40.7057    30.5812    15.0  8.4 25.6   1.4  ML
20130624.21.23 20130624  21  23  35.000   40.6493    30.6658    5.6   8.4 25.6   1.2  ML
20130624.16.17 20130624  16  17  01.000   40.9647    30.6123    4.3   8.4 25.6   1.5  ML
20130624.15.11 20130624  15  11  04.000   40.8488    30.4577    3.3   8.4 25.6   1.4  ML
20130624.09.25 20130624  09  25  07.000   40.8263    30.5213    3.2   8.4 25.6   1.5  ML
20130623.10.55 20130623  10  55  05.000   40.7022    30.6505    13.1  8.4 25.6   1.2  ML
20130623.02.27 20130623  02  27  13.000   40.6972    30.6692    15.9  8.4 25.6   1.5  ML
20130622.20.09 20130622  20  09  46.000   40.6985    30.6412    13.0  8.4 25.6   1.2  ML
20130622.16.01 20130622  16  01  28.000   40.122     30.1672    6.0   8.4 25.6   1.2  ML
20130622.13.28 20130622  13  28  25.000   40.862     30.486     5.8   8.4 25.6   1.6  ML
20130622.10.22 20130622  10  22  54.000   40.2477    29.9015    6.0   8.4 25.6   1.2  ML
20130621.16.23 20130621  16  23  28.000   40.1048    30.0775    4.5   8.4 25.6   2.0  ML
20130620.15.09 20130620  15  09  47.000   40.5838    29.7902    5.2   8.4 25.6   1.7  ML
20130620.12.25 20130620  12  25  44.000   40.404     30.0022    8.2   8.4 25.6   1.3  ML
20130619.13.27 20130619  13  27  36.000   40.2105    29.9555    11.1  8.4 25.6   1.3  ML
20130615.15.04 20130615  15  04  57.000   40.5928    29.8472    11.4  8.4 25.6   1.9  ML
20130607.08.56 20130607  08  56  22.000   40.819     30.3972    5.5   8.4 25.6   1.2  ML
20130607.01.22 20130607  01  22  45.000   40.7052    30.3602    11.2  8.4 25.6   1.6  ML
20130605.11.50 20130605  11  50  45.000   40.9363    29.7285    8.7   8.4 25.6   1.4  ML
20130604.10.49 20130604  10  49  58.000   40.945     30.5143    3.0   8.4 25.6   1.2  ML
20130603.10.49 20130603  10  49  33.000   40.2853    29.9245    3.5   8.4 25.6   1.2  ML
20130601.12.21 20130601  12  21  09.000   40.1355    29.9892    4.3   8.4 25.6   1.8  ML
20130601.11.56 20130601  11  56  20.000   40.2403    29.9142    5.8   8.4 25.6   1.2  ML
20130601.10.30 20130601  10  30  47.000   40.9427    30.6128    6.0   8.4 25.6   1.2  ML
20130531.16.54 20130531  16  54  59.000   40.7043    30.8032    6.0   8.4 25.6   1.6  ML
20130530.14.48 20130530  14  48  14.000   41.0258    30.0957    9.0   8.4 25.6   1.4  ML
20130527.06.38 20130527  06  38  30.000   40.6857    30.4185    6.6   8.4 25.6   1.9  ML
20130526.14.03 20130526  14  03  15.000   40.8328    30.4238    9.5   8.4 25.6   2.0  ML
20130525.22.57 20130525  22  57  47.000   40.6688    30.6848    15.6  8.4 25.6   1.3  ML
20130524.13.16 20130524  13  16  26.000   40.8837    30.4253    7.3   8.4 25.6   1.8  ML
20130524.11.48 20130524  11  48  29.000   40.2448    30.1975    2.8   8.4 25.6   1.6  ML
20130524.10.07 20130524  10  07  50.000   40.4323    30.0405    8.2   8.4 25.6   1.4  ML
20130523.12.20 20130523  12  20  55.000   40.4453    30.0585    3.0   8.4 25.6   1.6  ML
20130523.10.18 20130523  10  18  32.000   40.8875    30.4108    5.6   8.4 25.6   1.4  ML
20130523.00.13 20130523  00  13  10.000   40.729     30.638     12.2  8.4 25.6   1.4  ML
20130522.22.38 20130522  22  38  47.000   40.692     30.6503    9.4   8.4 25.6   2.0  ML
20130522.20.01 20130522  20  01  56.000   40.7098    30.638     11.6  8.4 25.6   1.4  ML
20130522.15.05 20130522  15  05  59.000   40.5823    29.76      10.0  8.4 25.6   1.5  ML
20130521.13.12 20130521  13  12  28.000   40.1528    30.0088    8.0   8.4 25.6   1.5  ML
20130520.19.42 20130520  19  42  00.000   40.522     30.5473    12.3  8.4 25.6   1.3  ML
20130520.17.06 20130520  17  06  28.000   40.3737    30.0683    3.1   8.4 25.6   1.2  ML
20130520.06.20 20130520  06  20  29.000   40.6808    30.5125    7.0   8.4 25.6   2.4  ML
20130518.15.47 20130518  15  47  38.000   40.4288    30.0723    9.9   8.4 25.6   1.6  ML
20130518.13.39 20130518  13  39  08.000   40.9452    30.3872    11.1  8.4 25.6   1.3  ML
20130516.10.59 20130516  10  59  18.000   40.2422    30.1975    5.5   8.4 25.6   1.6  ML
20130509.14.12 20130509  14  12  01.000   40.2643    30.023     4.9   8.4 25.6   1.4  ML
20130509.11.12 20130509  11  12  16.000   40.1802    29.9567    5.5   8.4 25.6   1.3  ML
20130509.08.51 20130509  08  51  09.000   40.1748    29.9612    11.7  8.4 25.6   1.3  ML
20130507.14.52 20130507  14  52  36.000   40.8643    30.4412    9.5   8.4 25.6   1.3  ML
20130507.12.56 20130507  12  56  15.000   40.6373    30.4473    5.3   8.4 25.6   1.3  ML
20130504.15.44 20130504  15  44  32.000   40.5945    29.778     7.8   8.4 25.6   1.7  ML
20130504.09.30 20130504  09  30  19.000   40.901     29.7237    9.6   8.4 25.6   1.4  ML
20130503.19.50 20130503  19  50  57.000   40.2478    30.1623    3.3   8.4 25.6   1.4  ML
20130503.08.57 20130503  08  57  54.000   40.1492    30.0267    4.9   8.4 25.6   1.3  ML
20130502.08.18 20130502  08  18  51.000   40.4045    29.9775    4.9   8.4 25.6   1.7  ML
20130501.13.52 20130501  13  52  21.000   40.9778    30.6092    8.1   8.4 25.6   1.7  ML
20130427.15.27 20130427  15  27  36.000   40.5955    29.7643    4.8   8.4 25.6   1.2  ML
20130427.03.42 20130427  03  42  41.000   40.6452    29.9765    1.5   8.4 25.6   1.6  ML
20130426.15.20 20130426  15  20  08.000   40.585     29.7583    9.0   8.4 25.6   1.2  ML
20130425.10.39 20130425  10  39  23.000   40.0415    30.281     4.6   8.4 25.6   1.6  ML
20130424.12.18 20130424  12  18  31.000   40.878     29.729     11.6  8.4 25.6   1.2  ML
20130424.06.34 20130424  06  34  48.000   40.7185    30.4702    13.7  8.4 25.6   1.3  ML
20130423.15.19 20130423  15  19  56.000   40.7585    30.3835    6.3   8.4 25.6   3.2  ML
20130417.15.21 20130417  15  21  31.000   40.5992    29.7707    6.7   8.4 25.6   1.2  ML
20130416.15.39 20130416  15  39  26.000   40.587     29.7647    8.0   8.4 25.6   1.3  ML
20130416.13.06 20130416  13  06  08.000   41.0028    30.5967    6.0   8.4 25.6   1.4  ML
20130416.09.38 20130416  09  38  29.000   40.9582    29.7267    2.0   8.4 25.6   1.4  ML
20130414.15.04 20130414  15  04  35.000   40.5918    29.772     9.2   8.4 25.6   1.3  ML
20130414.11.45 20130414  11  45  08.000   40.156     30.0203    5.0   8.4 25.6   1.7  ML
20130413.13.06 20130413  13  06  19.000   40.406     30.024     8.7   8.4 25.6   1.2  ML
20130413.07.33 20130413  07  33  48.000   40.5195    30.4833    6.9   8.4 25.6   1.9  ML
20130407.15.53 20130407  15  53  22.000   40.5535    29.7162    7.9   8.4 25.6   1.4  ML
20130405.20.56 20130405  20  56  38.000   40.1515    29.9638    1.2   8.4 25.6   1.3  ML
20130404.08.32 20130404  08  32  32.000   40.9237    29.7032    12.8  8.4 25.6   1.4  ML
20130403.13.08 20130403  13  08  18.000   40.1553    30.2087    5.0   8.4 25.6   1.5  ML
20130403.11.54 20130403  11  54  17.000   40.9305    29.7398    9.9   8.4 25.6   1.8  ML
20130402.14.27 20130402  14  27  41.000   40.9592    30.5555    2.6   8.4 25.6   1.5  ML
20130402.12.25 20130402  12  25  26.000   40.4087    29.973     3.7   8.4 25.6   2.0  ML
20130402.10.29 20130402  10  29  43.000   40.1423    30.008     2.2   8.4 25.6   1.4  ML
20130401.15.22 20130401  15  22  15.000   40.2273    29.9057    4.1   8.4 25.6   1.3  ML
20130401.13.00 20130401  13  00  57.000   40.4927    29.7287    2.5   8.4 25.6   1.5  ML
20130331.11.39 20130331  11  39  16.000   40.1485    30.0362    8.0   8.4 25.6   1.3  ML
20130331.08.26 20130331  08  26  49.000   40.1585    29.9373    9.6   8.4 25.6   1.4  ML
20130330.18.53 20130330  18  53  56.000   40.1563    29.9485    6.0   8.4 25.6   1.2  ML
20130330.16.17 20130330  16  17  46.000   40.5908    29.7742    4.4   8.4 25.6   1.6  ML
20130330.15.46 20130330  15  46  54.000   40.2357    29.9782    2.0   8.4 25.6   1.6  ML
20130329.22.54 20130329  22  54  09.000   40.785     30.903     7.9   8.4 25.6   2.9  ML
20130328.16.16 20130328  16  16  27.000   40.5938    29.8198    5.3   8.4 25.6   1.5  ML
20130328.06.02 20130328  06  02  18.000   40.7835    30.9053    9.5   8.4 25.6   1.9  ML
20130327.08.27 20130327  08  27  02.000   40.1573    29.9253    14.3  8.4 25.6   1.3  ML
20130327.08.02 20130327  08  02  29.000   40.13      29.991     10.8  8.4 25.6   1.4  ML
20130326.17.03 20130326  17  03  39.000   40.5872    30.3507    7.0   8.4 25.6   1.3  ML
20130326.12.58 20130326  12  58  46.000   40.4198    30.0032    5.0   8.4 25.6   1.3  ML
20130325.15.58 20130325  15  58  59.000   40.827     30.5018    4.1   8.4 25.6   1.5  ML
20130323.06.12 20130323  06  12  06.000   40.1387    29.9855    9.9   8.4 25.6   1.3  ML
20130322.11.32 20130322  11  32  36.000   40.1315    29.9915    7.0   8.4 25.6   1.3  ML
20130322.03.28 20130322  03  28  31.000   40.9222    29.8607    6.1   8.4 25.6   1.4  ML
20130320.14.04 20130320  14  04  31.000   40.285     30.009     8.1   8.4 25.6   1.2  ML
20130320.11.38 20130320  11  38  03.000   40.7365    30.6788    4.1   8.4 25.6   1.3  ML
20130319.09.11 20130319  09  11  20.000   40.1293    29.9915    11.4  8.4 25.6   1.3  ML
20130316.09.17 20130316  09  17  08.000   40.1675    29.99      9.9   8.4 25.6   1.5  ML
20130315.10.09 20130315  10  09  27.000   40.5158    30.0537    13.5  8.4 25.6   1.2  ML
20130314.15.20 20130314  15  20  48.000   40.2778    29.9522    12.4  8.4 25.6   1.3  ML
20130314.12.18 20130314  12  18  32.000   40.4807    30.3177    5.0   8.4 25.6   1.4  ML
20130314.01.39 20130314  01  39  25.000   40.7635    30.8263    3.2   8.4 25.6   1.6  ML
20130313.12.43 20130313  12  43  18.000   40.4177    30.0312    5.5   8.4 25.6   1.2  ML
20130309.16.03 20130309  16  03  15.000   40.074     30.1003    1.5   8.4 25.6   1.8  ML
20130309.11.53 20130309  11  53  39.000   40.4077    30.0043    5.0   8.4 25.6   1.3  ML
20130307.15.10 20130307  15  10  59.000   40.9657    30.5987    8.0   8.4 25.6   1.3  ML
20130305.15.33 20130305  15  33  26.000   40.5932    29.751     9.4   8.4 25.6   1.4  ML
20130305.10.30 20130305  10  30  08.000   40.8823    30.4318    1.9   8.4 25.6   1.3  ML
20130303.22.36 20130303  22  36  15.000   40.8238    30.9897    5.3   8.4 25.6   2.0  ML
20130303.18.09 20130303  18  09  09.000   40.2345    30.16      6.0   8.4 25.6   1.5  ML
20130303.17.30 20130303  17  30  50.000   40.238     30.1497    3.0   8.4 25.6   1.4  ML
20130303.10.01 20130303  10  01  17.000   40.1177    29.9452    18.4  8.4 25.6   1.6  ML
20130301.09.36 20130301  09  36  07.000   40.1913    29.9877    4.5   8.4 25.6   1.5  ML
20130228.14.50 20130228  14  50  20.000   40.2562    30.0047    2.7   8.4 25.6   1.6  ML
20130226.14.45 20130226  14  45  09.000   40.2492    29.9057    12.1  8.4 25.6   1.2  ML
20130226.11.22 20130226  11  22  08.000   40.8725    30.4725    3.5   8.4 25.6   1.3  ML
20130226.04.04 20130226  04  04  54.000   40.7555    30.2672    11.8  8.4 25.6   2.0  ML
20130225.10.04 20130225  10  04  53.000   40.1292    29.988     11.1  8.4 25.6   1.7  ML
20130224.10.54 20130224  10  54  50.000   40.1352    29.9913    4.6   8.4 25.6   1.3  ML
20130224.05.09 20130224  05  09  06.000   40.757     30.2737    10.6  8.4 25.6   2.5  ML
20130221.15.12 20130221  15  12  18.000   40.9792    30.6033    4.6   8.4 25.6   1.7  ML
20130221.14.16 20130221  14  16  19.000   40.1548    29.9985    5.5   8.4 25.6   1.7  ML
20130219.13.55 20130219  13  55  41.000   40.5847    30.3178    2.9   8.4 25.6   1.9  ML
20130219.09.20 20130219  09  20  46.000   40.1443    29.9995    2.6   8.4 25.6   1.9  ML
20130219.02.00 20130219  02  00  55.000   40.6635    30.4795    7.8   8.4 25.6   1.9  ML
20130218.14.57 20130218  14  57  15.000   40.92      30.4037    2.0   8.4 25.6   1.2  ML
20130217.21.35 20130217  21  35  23.000   40.8998    30.7498    8.6   8.4 25.6   1.8  ML
20130216.14.30 20130216  14  30  20.000   40.6863    30.1242    4.9   8.4 25.6   1.2  ML
20130215.17.38 20130215  17  38  51.000   40.4948    30.734     18.5  8.4 25.6   1.5  ML
20130215.17.03 20130215  17  03  15.000   40.526     30.7017    14.8  8.4 25.6   1.5  ML
20130215.10.50 20130215  10  50  46.000   40.5928    30.3185    3.0   8.4 25.6   1.7  ML
20130214.17.54 20130214  17  54  37.000   40.8797    30.6942    12.1  8.4 25.6   2.7  ML
20130214.15.27 20130214  15  27  39.000   40.2558    29.9653    10.7  8.4 25.6   1.7  ML
20130214.10.05 20130214  10  05  53.000   40.159     30.2107    7.1   8.4 25.6   1.5  ML
20130209.05.33 20130209  05  33  38.000   40.697     30.5918    9.1   8.4 25.6   1.4  ML
20130208.15.24 20130208  15  24  07.000   40.5848    29.7388    9.2   8.4 25.6   1.2  ML
20130208.12.00 20130208  12  00  09.000   40.2505    30.2295    5.5   8.4 25.6   1.2  ML
20130207.01.45 20130207  01  45  09.000   40.7862    30.7217    6.6   8.4 25.6   2.1  ML
20130206.22.43 20130206  22  43  31.000   40.6633    30.4858    3.1   8.4 25.6   1.7  ML
20130203.15.09 20130203  15  09  54.000   40.1283    30.0223    8.7   8.4 25.6   1.2  ML
20130202.12.46 20130202  12  46  32.000   40.155     29.9873    6.8   8.4 25.6   1.9  ML
20130131.22.25 20130131  22  25  55.000   40.6095    30.6215    5.5   8.4 25.6   1.4  ML
20130131.13.57 20130131  13  57  22.000   40.4733    30.3533    10.3  8.4 25.6   1.6  ML
20130131.08.36 20130131  08  36  26.000   40.1298    29.9997    2.5   8.4 25.6   2.1  ML
20130130.06.53 20130130  06  53  36.000   40.6805    30.6097    5.7   8.4 25.6   1.3  ML
20130129.15.24 20130129  15  24  15.000   40.712     30.777     14.0  8.4 25.6   1.2  ML
20130129.12.40 20130129  12  40  33.000   40.4043    29.971     6.5   8.4 25.6   1.5  ML
20130128.09.52 20130128  09  52  23.000   40.1558    29.9857    7.5   8.4 25.6   2.2  ML
20130128.09.22 20130128  09  22  04.000   40.374     30.1622    8.2   8.4 25.6   1.7  ML
20130128.06.49 20130128  06  49  27.000   40.3623    30.1003    4.7   8.4 25.6   1.4  ML
20130127.17.25 20130127  17  25  34.000   40.16      29.9997    11.9  8.4 25.6   1.2  ML
20130126.17.56 20130126  17  56  58.000   40.7562    30.1413    6.6   8.4 25.6   1.3  ML
20130125.18.45 20130125  18  45  38.000   40.7588    30.1223    11.1  8.4 25.6   1.8  ML
20130125.13.18 20130125  13  18  16.000   40.166     29.987     9.3   8.4 25.6   2.1  ML
20130125.10.18 20130125  10  18  04.000   40.6202    30.3217    4.2   8.4 25.6   1.2  ML
20130124.05.25 20130124  05  25  36.000   40.2692    30.9168    6.0   8.4 25.6   1.5  ML
20130123.15.45 20130123  15  45  33.000   40.4142    30.0167    10.7  8.4 25.6   1.3  ML
20130123.12.44 20130123  12  44  48.000   40.3928    30.16      5.6   8.4 25.6   2.6  ML
20130121.11.19 20130121  11  19  04.000   40.0785    29.998     6.3   8.4 25.6   1.5  ML
20130120.06.14 20130120  06  14  41.000   40.7225    29.9602    6.6   8.4 25.6   1.3  ML
20130119.10.40 20130119  10  40  48.000   40.5928    30.3153    3.4   8.4 25.6   1.6  ML
20130118.12.35 20130118  12  35  45.000   40.7227    30.5325    18.2  8.4 25.6   1.8  ML
20130118.11.56 20130118  11  56  52.000   40.1198    29.9927    4.7   8.4 25.6   2.2  ML
20130118.08.13 20130118  08  13  03.000   40.489     30.7342    11.0  8.4 25.6   1.2  ML
20130118.03.04 20130118  03  04  20.000   40.6975    30.6277    10.3  8.4 25.6   2.0  ML
20130117.14.56 20130117  14  56  23.000   40.154     30.0192    5.2   8.4 25.6   2.3  ML
20130116.14.14 20130116  14  14  21.000   40.618     30.3777    7.6   8.4 25.6   1.4  ML
20130116.13.51 20130116  13  51  07.000   40.4147    30.0115    3.2   8.4 25.6   1.7  ML
20130116.10.40 20130116  10  40  41.000   40.1853    29.9973    9.9   8.4 25.6   2.3  ML
20130115.19.51 20130115  19  51  34.000   41.1573    29.7672    1.9   8.4 25.6   2.2  ML
20130115.18.41 20130115  18  41  17.000   41.1227    29.7292    4.4   8.4 25.6   2.8  ML
20130115.01.48 20130115  01  48  17.000   41.1123    29.7448    3.8   8.4 25.6   2.7  ML
20130113.00.07 20130113  00  07  28.000   40.3775    30.0427    1.8   8.4 25.6   1.8  ML
20130109.16.10 20130109  16  10  08.000   40.7048    30.6573    7.8   8.4 25.6   1.9  ML
20130108.08.07 20130108  08  07  29.000   40.4997    30.7183    8.2   8.4 25.6   1.3  ML
20130107.13.24 20130107  13  24  24.000   40.4147    30.0042    8.0   8.4 25.6   1.5  ML
20130107.12.38 20130107  12  38  15.000   40.403     29.966     2.4   8.4 25.6   1.6  ML
20130106.15.28 20130106  15  28  58.000   40.6072    29.8653    16.4  8.4 25.6   1.4  ML
20130106.14.17 20130106  14  17  28.000   40.421     30.0272    9.1   8.4 25.6   1.8  ML
20130105.11.56 20130105  11  56  52.000   40.5912    30.3043    1.2   8.4 25.6   1.5  ML
20130105.09.22 20130105  09  22  13.000   40.1417    30.1978    8.7   8.4 25.6   1.5  ML
20130104.22.36 20130104  22  36  25.000   40.9357    30.4865    6.1   8.4 25.6   1.6  ML
20130104.13.02 20130104  13  02  31.000   40.9315    29.7567    8.3   8.4 25.6   1.3  ML
20130104.02.25 20130104  02  25  30.000   40.6413    30.5237    6.7   8.4 25.6   1.2  ML
20130103.13.04 20130103  13  04  40.000   40.3263    30.1588    6.3   8.4 25.6   1.3  ML
20130103.12.17 20130103  12  17  41.000   40.1767    29.9047    14.7  8.4 25.6   1.3  ML
20130103.09.49 20130103  09  49  30.000   40.1633    30.0417    6.4   8.4 25.6   2.0  ML
20130102.12.45 20130102  12  45  50.000   40.9255    29.746     11.7  8.4 25.6   1.5  ML
20130102.10.27 20130102  10  27  57.000   40.5908    30.3113    3.2   8.4 25.6   1.6  ML
20121231.19.00 20121231  19  00  50.000   40.7262    30.45      8.2   8.4 25.6   1.5  ML
20121230.15.42 20121230  15  42  45.000   40.7708    30.9435    6.8   8.4 25.6   1.8  ML
20121229.10.29 20121229  10  29  40.000   40.1437    29.9888    7.9   8.4 25.6   1.3  ML
20121228.13.13 20121228  13  13  18.000   40.2782    29.9893    3.3   8.4 25.6   1.3  ML
20121228.11.43 20121228  11  43  14.000   40.221     29.9388    4.2   8.4 25.6   1.3  ML
20121227.13.20 20121227  13  20  56.000   40.2972    29.9988    4.5   8.4 25.6   1.4  ML
20121226.14.22 20121226  14  22  02.000   40.266     30.0388    5.5   8.4 25.6   1.3  ML
20121226.11.42 20121226  11  42  42.000   40.196     29.9855    7.5   8.4 25.6   1.6  ML
20121226.03.16 20121226  03  16  57.000   40.6977    30.5953    19.0  8.4 25.6   1.3  ML
20121225.13.55 20121225  13  55  37.000   41.1462    29.7558    2.0   8.4 25.6   1.8  ML
20121225.12.40 20121225  12  40  31.000   40.7713    30.934     4.0   8.4 25.6   1.7  ML
20121225.10.14 20121225  10  14  15.000   40.1475    29.9955    6.8   8.4 25.6   1.6  ML
20121224.12.29 20121224  12  29  08.000   40.887     30.4107    4.8   8.4 25.6   1.4  ML
20121224.10.16 20121224  10  16  19.000   40.2417    30.075     3.7   8.4 25.6   1.2  ML
20121223.19.47 20121223  19  47  37.000   40.3295    30.0863    6.7   8.4 25.6   1.5  ML
20121222.14.51 20121222  14  51  05.000   40.2492    29.8685    5.3   8.4 25.6   1.2  ML
20121222.11.18 20121222  11  18  29.000   40.1892    29.7627    1.0   8.4 25.6   1.7  ML
20121221.12.34 20121221  12  34  55.000   40.3893    29.9442    1.5   8.4 25.6   1.3  ML
20121220.13.40 20121220  13  40  18.000   40.3828    29.7157    3.1   8.4 25.6   1.9  ML
20121220.12.51 20121220  12  51  04.000   40.1522    30.021     1.9   8.4 25.6   1.6  ML
20121220.10.28 20121220  10  28  32.000   40.8853    30.4115    3.0   8.4 25.6   1.5  ML
20121220.00.38 20121220  00  38  07.000   40.3012    30.8098    3.1   8.4 25.6   1.2  ML
20121218.10.29 20121218  10  29  19.000   40.2243    29.9708    2.9   8.4 25.6   1.3  ML
20121217.09.08 20121217  09  08  44.000   40.9095    30.6355    14.4  8.4 25.6   1.3  ML
20121216.11.30 20121216  11  30  15.000   40.2075    29.9625    5.3   8.4 25.6   1.3  ML
20121216.02.38 20121216  02  38  02.000   40.7732    30.9152    6.6   8.4 25.6   1.7  ML
20121214.12.41 20121214  12  41  21.000   40.1265    29.9932    11.5  8.4 25.6   1.5  ML
20121214.05.06 20121214  05  06  25.000   40.7695    30.911     3.8   8.4 25.6   2.1  ML
20121211.14.51 20121211  14  51  49.000   40.9135    30.6043    4.9   8.4 25.6   1.4  ML
20121211.13.25 20121211  13  25  07.000   40.2198    29.9587    2.1   8.4 25.6   1.5  ML
20121211.00.10 20121211  00  10  07.000   40.7093    30.0155    5.1   8.4 25.6   1.2  ML
20121210.15.08 20121210  15  08  50.000   40.957     30.5267    7.0   8.4 25.6   1.5  ML
20121206.12.22 20121206  12  22  50.000   40.7698    30.4095    8.9   8.4 25.6   2.2  ML
20121206.07.19 20121206  07  19  49.000   40.7522    30.3708    5.1   8.4 25.6   1.2  ML
20121206.04.53 20121206  04  53  50.000   40.7577    30.398     9.7   8.4 25.6   2.7  ML
20121205.10.11 20121205  10  11  13.000   40.511     30.9352    3.5   8.4 25.6   1.2  ML
20121129.14.53 20121129  14  53  09.000   40.4003    29.9763    5.6   8.4 25.6   1.2  ML
20121129.11.07 20121129  11  07  35.000   40.1402    29.9785    11.4  8.4 25.6   1.4  ML
20121127.10.59 20121127  10  59  54.000   40.8828    30.4108    4.4   8.4 25.6   2.0  ML
20121127.01.46 20121127  01  46  46.000   40.8895    30.9192    8.6   8.4 25.6   1.3  ML
20121125.10.56 20121125  10  56  13.000   40.1218    29.9953    7.5   8.4 25.6   1.4  ML
20121124.12.06 20121124  12  06  19.000   40.4135    29.9845    4.3   8.4 25.6   1.2  ML
20121123.11.42 20121123  11  42  49.000   40.1152    29.9727    7.6   8.4 25.6   1.3  ML
20121123.08.43 20121123  08  43  53.000   40.1702    29.9472    5.3   8.4 25.6   1.6  ML
20121122.10.25 20121122  10  25  25.000   40.1083    29.984     9.7   8.4 25.6   1.7  ML
20121121.13.00 20121121  13  00  41.000   40.4135    30.0005    2.7   8.4 25.6   1.2  ML
20121121.09.14 20121121  09  14  22.000   40.173     29.9578    8.0   8.4 25.6   1.4  ML
20121120.15.25 20121120  15  25  31.000   40.1665    29.9205    4.6   8.4 25.6   1.3  ML
20121119.14.22 20121119  14  22  32.000   40.136     29.996     9.0   8.4 25.6   1.3  ML
20121116.12.56 20121116  12  56  19.000   40.4132    29.9865    5.5   8.4 25.6   1.2  ML
20121113.18.17 20121113  18  17  30.000   40.7195    30.1582    4.7   8.4 25.6   2.1  ML
20121113.16.38 20121113  16  38  30.000   40.9993    30.7125    12.0  8.4 25.6   1.3  ML
20121112.10.12 20121112  10  12  34.000   40.1645    29.941     5.6   8.4 25.6   1.3  ML
20121111.06.17 20121111  06  17  59.000   40.4343    30.0875    5.5   8.4 25.6   1.3  ML
20121110.17.03 20121110  17  03  56.000   40.9482    30.588     3.3   8.4 25.6   1.5  ML
20121110.12.02 20121110  12  02  34.000   40.2367    30.007     6.8   8.4 25.6   1.6  ML
20121110.07.11 20121110  07  11  02.000   40.156     29.9622    6.7   8.4 25.6   1.9  ML
20121108.13.43 20121108  13  43  36.000   40.7538    30.4392    12.3  8.4 25.6   1.4  ML
20121108.11.18 20121108  11  18  39.000   40.3445    30.0355    16.3  8.4 25.6   1.2  ML
20121107.15.11 20121107  15  11  54.000   40.0527    30.1987    5.5   8.4 25.6   1.5  ML
20121107.13.45 20121107  13  45  58.000   40.5115    30.6885    8.6   8.4 25.6   1.3  ML
20121106.15.00 20121106  15  00  05.000   40.8963    30.4217    4.2   8.4 25.6   1.9  ML
20121106.08.56 20121106  08  56  06.000   40.1733    29.9202    11.9  8.4 25.6   1.6  ML
20121106.07.19 20121106  07  19  20.000   40.3685    30.0467    2.5   8.4 25.6   1.6  ML
20121105.16.12 20121105  16  12  07.000   40.5903    30.3883    7.1   8.4 25.6   1.5  ML
20121105.14.30 20121105  14  30  44.000   40.4717    30.337     1.6   8.4 25.6   1.6  ML
20121031.12.17 20121031  12  17  56.000   40.5627    30.8067    5.5   8.4 25.6   1.5  ML
20121031.11.40 20121031  11  40  25.000   40.9048    30.6288    16.9  8.4 25.6   1.5  ML
20121030.21.00 20121030  21  00  10.000   40.7647    30.9277    8.1   8.4 25.6   2.3  ML
20121030.13.39 20121030  13  39  59.000   40.2033    30.0008    4.4   8.4 25.6   1.6  ML
20121025.05.25 20121025  05  25  20.000   40.4807    30.7372    15.3  8.4 25.6   1.2  ML
20121024.10.48 20121024  10  48  29.000   40.2102    29.9213    8.0   8.4 25.6   1.4  ML
20121024.01.03 20121024  01  03  59.000   40.7078    30.6795    8.5   8.4 25.6   2.1  ML
20121023.21.59 20121023  21  59  34.000   40.7862    30.9522    5.5   8.4 25.6   2.2  ML
20121023.15.07 20121023  15  07  34.000   40.5903    30.3675    1.5   8.4 25.6   1.7  ML
20121023.03.08 20121023  03  08  01.000   40.6595    30.599     10.5  8.4 25.6   1.4  ML
20121022.14.12 20121022  14  12  52.000   40.486     30.3823    14.1  8.4 25.6   1.3  ML
20121022.13.38 20121022  13  38  10.000   40.2458    30.0017    8.5   8.4 25.6   1.3  ML
20121022.10.23 20121022  10  23  54.000   40.18      29.9172    5.5   8.4 25.6   1.7  ML
20121021.23.43 20121021  23  43  02.000   40.6552    30.626     11.1  8.4 25.6   1.6  ML
20121020.11.38 20121020  11  38  32.000   40.2838    30.0487    5.5   8.4 25.6   1.4  ML
20121020.09.54 20121020  09  54  18.000   40.141     29.9793    11.9  8.4 25.6   1.7  ML
20121019.09.08 20121019  09  08  18.000   40.7932    30.4652    11.8  8.4 25.6   1.3  ML
20121019.07.12 20121019  07  12  24.000   40.8433    30.4468    4.7   8.4 25.6   1.2  ML
20121018.22.27 20121018  22  27  28.000   40.7772    30.4153    12.5  8.4 25.6   1.3  ML
20121018.20.49 20121018  20  49  11.000   40.3612    30.0195    6.0   8.4 25.6   2.0  ML
20121018.11.19 20121018  11  19  44.000   40.7785    30.3692    15.1  8.4 25.6   1.2  ML
20121016.12.21 20121016  12  21  21.000   40.2208    30.6475    3.4   8.4 25.6   1.7  ML
20121014.15.47 20121014  15  47  25.000   40.7118    30.3265    11.6  8.4 25.6   1.6  ML
20121014.08.36 20121014  08  36  39.000   40.705     30.3027    12.0  8.4 25.6   2.8  ML
20121014.04.24 20121014  04  24  15.000   40.3917    30.1603    3.8   8.4 25.6   1.2  ML
20121013.14.06 20121013  14  06  19.000   40.4177    30.002     2.5   8.4 25.6   1.7  ML
20121013.10.55 20121013  10  55  52.000   40.1462    29.9928    5.0   8.4 25.6   1.8  ML
20121012.19.51 20121012  19  51  07.000   40.7015    30.6505    9.3   8.4 25.6   1.7  ML
20121011.10.22 20121011  10  22  15.000   40.1015    30.0123    8.7   8.4 25.6   1.2  ML
20121008.12.43 20121008  12  43  25.000   40.5822    29.9188    10.9  8.4 25.6   1.2  ML
20121007.12.40 20121007  12  40  30.000   40.0528    30.251     2.6   8.4 25.6   1.3  ML
20121007.09.13 20121007  09  13  43.000   40.4583    30.0452    9.2   8.4 25.6   2.5  ML
20121005.16.40 20121005  16  40  22.000   40.7472    30.1113    6.6   8.4 25.6   1.6  ML
20120929.08.01 20120929  08  01  20.000   40.1625    29.9705    15.9  8.4 25.6   2.6  ML
20120928.13.30 20120928  13  30  56.000   40.2525    30.0098    7.1   8.4 25.6   2.0  ML
20120928.00.55 20120928  00  55  58.000   40.4033    29.9738    7.1   8.4 25.6   1.5  ML
20120927.01.18 20120927  01  18  57.000   40.8305    30.7967    8.7   8.4 25.6   1.9  ML
20120926.23.11 20120926  23  11  38.000   40.2107    30.4565    8.0   8.4 25.6   1.6  ML
20120925.18.13 20120925  18  13  08.000   40.486     30.4198    6.6   8.4 25.6   1.2  ML
20120925.11.22 20120925  11  22  19.000   40.2475    29.9988    5.2   8.4 25.6   1.9  ML
20120924.13.40 20120924  13  40  29.000   40.4043    29.9743    7.3   8.4 25.6   1.9  ML
20120924.10.33 20120924  10  33  18.000   40.185     29.9687    11.5  8.4 25.6   1.8  ML
20120923.19.59 20120923  19  59  49.000   40.7335    30.337     6.4   8.4 25.6   1.3  ML
20120923.14.07 20120923  14  07  48.000   40.3953    30.1388    5.1   8.4 25.6   1.6  ML
20120920.14.34 20120920  14  34  57.000   40.4105    29.9825    5.6   8.4 25.6   1.9  ML
20120918.10.26 20120918  10  26  00.000   40.5252    30.047     17.0  8.4 25.6   1.3  ML
20120914.04.25 20120914  04  25  35.000   40.6652    30.6903    5.6   8.4 25.6   1.6  ML
20120913.10.40 20120913  10  40  21.000   40.1708    29.9458    2.7   8.4 25.6   2.0  ML
20120913.09.11 20120913  09  11  11.000   40.7077    30.6258    8.7   8.4 25.6   1.2  ML
20120912.13.58 20120912  13  58  37.000   40.708     30.6657    10.8  8.4 25.6   2.2  ML
20120912.13.32 20120912  13  32  23.000   40.1638    29.936     5.2   8.4 25.6   1.2  ML
20120912.11.51 20120912  11  51  57.000   40.7088    30.6578    9.0   8.4 25.6   1.8  ML
20120912.09.16 20120912  09  16  50.000   40.1323    29.9925    8.9   8.4 25.6   1.7  ML
20120912.04.45 20120912  04  45  36.000   40.7055    30.658     11.8  8.4 25.6   3.5  ML
20120911.20.03 20120911  20  03  53.000   40.6887    30.6348    10.2  8.4 25.6   2.1  ML
20120910.19.54 20120910  19  54  32.000   40.6377    30.6192    14.1  8.4 25.6   1.2  ML
20120910.10.39 20120910  10  39  37.000   40.1923    30.021     3.6   8.4 25.6   1.8  ML
20120905.12.37 20120905  12  37  56.000   40.0703    29.7972    4.4   8.4 25.6   2.2  ML
20120830.13.02 20120830  13  02  37.000   40.6352    30.4563    11.0  8.4 25.6   1.4  ML
20120828.09.13 20120828  09  13  06.000   40.4167    30.0352    3.4   8.4 25.6   1.3  ML
20120827.10.34 20120827  10  34  16.000   40.3968    30.2057    9.0   8.4 25.6   1.3  ML
20120826.14.51 20120826  14  51  15.000   40.012     30.515     9.8   8.4 25.6   1.2  ML
20120823.09.06 20120823  09  06  32.000   40.4013    30.0032    7.0   8.4 25.6   1.3  ML
20120818.01.10 20120818  01  10  59.000   40.7805    30.651     8.2   8.4 25.6   1.7  ML
20120817.14.08 20120817  14  08  34.000   40.7492    30.3917    11.9  8.4 25.6   1.7  ML
20120817.09.57 20120817  09  57  36.000   40.4827    30.3205    6.1   8.4 25.6   1.2  ML
20120817.08.03 20120817  08  03  23.000   40.7623    30.3988    9.0   8.4 25.6   1.9  ML
20120816.16.22 20120816  16  22  54.000   41.0472    30.648     1.8   8.4 25.6   2.0  ML
20120816.11.50 20120816  11  50  02.000   40.2567    29.957     2.9   8.4 25.6   1.4  ML
20120816.08.38 20120816  08  38  33.000   40.8143    30.431     9.5   8.4 25.6   1.2  ML
20120814.14.58 20120814  14  58  03.000   40.744     30.4535    3.7   8.4 25.6   1.2  ML
20120814.12.27 20120814  12  27  01.000   40.6138    30.4438    4.6   8.4 25.6   1.3  ML
20120814.11.39 20120814  11  39  04.000   40.3898    29.9895    6.5   8.4 25.6   1.2  ML
20120813.07.10 20120813  07  10  08.000   40.1638    29.9537    16.5  8.4 25.6   1.4  ML
20120812.16.05 20120812  16  05  18.000   40.7048    30.6548    7.6   8.4 25.6   1.9  ML
20120812.15.44 20120812  15  44  55.000   40.711     30.3385    7.3   8.4 25.6   1.2  ML
20120812.12.41 20120812  12  41  13.000   40.2072    29.9068    5.1   8.4 25.6   1.2  ML
20120811.15.46 20120811  15  46  00.000   40.1417    30.0195    7.8   8.4 25.6   2.1  ML
20120810.14.32 20120810  14  32  44.000   40.4172    29.964     5.6   8.4 25.6   1.8  ML
20120806.07.15 20120806  07  15  49.000   40.4162    29.8975    8.9   8.4 25.6   1.4  ML
20120805.15.51 20120805  15  51  55.000   40.4938    30.3148    11.2  8.4 25.6   1.6  ML
20120731.10.47 20120731  10  47  12.000   40.9163    30.4185    3.6   8.4 25.6   1.5  ML
20120729.02.54 20120729  02  54  39.000   40.792     30.8972    4.2   8.4 25.6   1.7  ML
20120728.13.59 20120728  13  59  49.000   40.879     30.4398    4.4   8.4 25.6   1.8  ML
20120728.13.30 20120728  13  30  01.000   40.4752    30.317     4.5   8.4 25.6   1.2  ML
20120727.14.11 20120727  14  11  08.000   40.8675    30.438     8.0   8.4 25.6   1.6  ML
20120726.13.53 20120726  13  53  31.000   40.7187    30.3325    7.8   8.4 25.6   1.3  ML
20120726.01.10 20120726  01  10  22.000   40.7182    30.3322    10.0  8.4 25.6   1.3  ML
20120725.20.10 20120725  20  10  12.000   40.7077    30.3467    6.3   8.4 25.6   1.3  ML
20120725.02.27 20120725  02  27  45.000   40.7595    30.7465    16.3  8.4 25.6   1.2  ML
20120724.13.24 20120724  13  24  55.000   40.4895    30.1088    11.8  8.4 25.6   1.4  ML
20120724.11.28 20120724  11  28  15.000   40.5982    30.4458    7.0   8.4 25.6   1.4  ML
20120720.12.35 20120720  12  35  35.000   40.8865    30.4147    7.7   8.4 25.6   1.6  ML
20120716.07.41 20120716  07  41  59.000   40.7462    30.772     7.5   8.4 25.6   2.1  ML
20120713.15.15 20120713  15  15  00.000   40.2582    30.023     1.0   8.4 25.6   1.2  ML
20120711.12.09 20120711  12  09  41.000   40.149     30.0048    10.9  8.4 25.6   1.2  ML
20120707.09.20 20120707  09  20  12.000   40.7647    30.3957    10.5  8.4 25.6   1.9  ML
20120707.08.35 20120707  08  35  09.000   40.2418    30.004     4.6   8.4 25.6   1.2  ML
20120707.07.24 20120707  07  24  34.000   40.7628    30.3965    10.8  8.4 25.6   2.1  ML
20120707.06.56 20120707  06  56  02.000   40.7632    30.3962    11.6  8.4 25.6   2.3  ML
20120630.15.42 20120630  15  42  57.000   40.8905    30.3842    3.3   8.4 25.6   2.0  ML
20120630.13.46 20120630  13  46  39.000   40.255     29.9097    2.7   8.4 25.6   1.7  ML
20120628.17.46 20120628  17  46  07.000   40.4858    30.1422    6.7   8.4 25.6   2.1  ML
20120628.11.18 20120628  11  18  29.000   40.9238    29.7482    10.0  8.4 25.6   1.4  ML
20120625.03.47 20120625  03  47  28.000   40.7313    29.9692    9.5   8.4 25.6   1.6  ML
20120623.07.47 20120623  07  47  49.000   40.543     30.5717    9.2   8.4 25.6   1.7  ML
20120623.06.41 20120623  06  41  01.000   40.1765    29.9225    3.7   8.4 25.6   1.4  ML
20120622.16.07 20120622  16  07  27.000   40.5883    30.347     4.8   8.4 25.6   1.7  ML
20120619.16.28 20120619  16  28  34.000   40.4733    30.332     5.5   8.4 25.6   2.1  ML
20120615.12.47 20120615  12  47  37.000   40.6017    30.4448    5.0   8.4 25.6   1.2  ML
20120614.07.40 20120614  07  40  18.000   40.3822    30.0103    3.4   8.4 25.6   1.3  ML
20120613.15.54 20120613  15  54  28.000   40.2205    29.9617    10.8  8.4 25.6   1.6  ML
20120613.15.12 20120613  15  12  25.000   40.8573    29.7287    9.8   8.4 25.6   1.4  ML
20120613.09.25 20120613  09  25  34.000   40.163     29.8393    11.7  8.4 25.6   1.4  ML
20120611.12.39 20120611  12  39  45.000   40.9697    30.5365    13.0  8.4 25.6   1.5  ML
20120610.11.28 20120610  11  28  35.000   40.7097    30.2593    10.5  8.4 25.6   1.2  ML
20120609.08.48 20120609  08  48  59.000   40.4655    30.0117    9.5   8.4 25.6   1.4  ML
20120608.16.31 20120608  16  31  39.000   40.939     30.6108    11.4  8.4 25.6   1.2  ML
20120608.14.25 20120608  14  25  14.000   40.4703    30.2672    3.5   8.4 25.6   1.3  ML
20120607.12.11 20120607  12  11  50.000   40.9202    29.7153    14.0  8.4 25.6   1.4  ML
20120607.06.45 20120607  06  45  45.000   40.1605    29.9043    5.5   8.4 25.6   1.4  ML
20120530.01.12 20120530  01  12  16.000   40.6705    30.6057    6.4   8.4 25.6   1.4  ML
20120530.00.45 20120530  00  45  43.000   40.7598    30.8355    3.8   8.4 25.6   1.6  ML
20120525.10.33 20120525  10  33  03.000   40.9248    29.7225    5.6   8.4 25.6   1.5  ML
20120523.10.29 20120523  10  29  41.000   40.8945    29.7165    7.6   8.4 25.6   1.4  ML
20120522.16.49 20120522  16  49  50.000   40.9165    30.5772    4.0   8.4 25.6   1.8  ML
20120522.16.08 20120522  16  08  34.000   40.6082    30.3668    4.7   8.4 25.6   1.5  ML
20120522.14.58 20120522  14  58  58.000   40.16      30.5227    4.7   8.4 25.6   1.7  ML
20120522.08.56 20120522  08  56  30.000   40.3558    30.0092    4.4   8.4 25.6   2.0  ML
20120520.01.41 20120520  01  41  51.000   40.7278    30.1473    2.3   8.4 25.6   2.3  ML
20120519.11.23 20120519  11  23  04.000   40.0052    29.9768    1.8   8.4 25.6   2.2  ML
20120518.12.04 20120518  12  04  36.000   40.6063    30.6995    3.8   8.4 25.6   1.2  ML
20120517.15.07 20120517  15  07  25.000   40.5918    30.3592    5.5   8.4 25.6   1.6  ML
20120517.12.09 20120517  12  09  12.000   40.4237    29.9755    2.8   8.4 25.6   1.2  ML
20120517.09.47 20120517  09  47  26.000   40.925     29.7473    8.7   8.4 25.6   1.4  ML
20120515.13.35 20120515  13  35  56.000   40.8838    30.3787    4.4   8.4 25.6   1.6  ML
20120512.23.59 20120512  23  59  08.000   40.4463    30.7048    6.3   8.4 25.6   1.9  ML
20120512.09.56 20120512  09  56  32.000   40.4465    30.7085    6.2   8.4 25.6   2.1  ML
20120512.09.26 20120512  09  26  57.000   40.1193    29.9885    5.1   8.4 25.6   1.8  ML
20120511.08.37 20120511  08  37  43.000   40.206     29.9515    4.5   8.4 25.6   1.3  ML
20120510.12.50 20120510  12  50  25.000   40.2765    29.9712    5.5   8.4 25.6   1.9  ML
20120510.12.30 20120510  12  30  03.000   40.2687    29.97      6.0   8.4 25.6   1.8  ML
20120509.23.10 20120509  23  10  39.000   40.8123    30.8087    2.4   8.4 25.6   1.6  ML
20120509.10.06 20120509  10  06  30.000   40.0695    30.2018    2.3   8.4 25.6   1.5  ML
20120508.18.07 20120508  18  07  54.000   40.9448    30.5102    2.0   8.4 25.6   1.4  ML
20120506.10.11 20120506  10  11  10.000   40.7718    29.7487    5.5   8.4 25.6   1.2  ML
20120412.14.45 20120412  14  45  04.000   40.1408    29.9968    7.0   8.4 25.6   2.1  ML
20120412.14.22 20120412  14  22  21.000   40.17      30.0663    1.8   8.4 25.6   1.5  ML
20120412.13.04 20120412  13  04  10.000   40.8635    30.4475    4.3   8.4 25.6   1.3  ML
20120410.09.21 20120410  09  21  58.000   40.1395    29.9695    6.6   8.4 25.6   1.8  ML
20120409.16.47 20120409  16  47  02.000   40.9012    30.8567    11.9  8.4 25.6   1.5  ML
20120409.13.25 20120409  13  25  31.000   40.232     29.9948    9.5   8.4 25.6   2.3  ML
20120408.12.57 20120408  12  57  35.000   40.128     30.0105    6.9   8.4 25.6   2.1  ML
20120406.18.19 20120406  18  19  25.000   40.496     30.2298    2.7   8.4 25.6   1.6  ML
20120312.12.53 20120312  12  53  12.000   40.6322    30.6618    11.0  8.4 25.6   1.2  ML
20120311.14.49 20120311  14  49  43.000   40.971     30.6045    6.1   8.4 25.6   1.5  ML
20120311.14.10 20120311  14  10  15.000   40.0747    30.1773    2.8   8.4 25.6   1.7  ML
20120311.11.05 20120311  11  05  56.000   40.8828    29.7072    9.4   8.4 25.6   1.3  ML
20120310.11.12 20120310  11  12  06.000   40.418     30.0108    7.6   8.4 25.6   1.7  ML
20120310.06.28 20120310  06  28  11.000   40.1528    29.9118    18.3  8.4 25.6   2.0  ML
20120309.20.53 20120309  20  53  11.000   40.3623    29.9613    2.7   8.4 25.6   1.4  ML
20120308.11.43 20120308  11  43  13.000   40.8668    30.4248    11.3  8.4 25.6   1.6  ML
20120307.14.29 20120307  14  29  56.000   40.9238    29.7417    11.1  8.4 25.6   1.5  ML
20120306.11.09 20120306  11  09  01.000   40.2178    29.9348    3.8   8.4 25.6   1.3  ML
20120212.08.10 20120212  08  10  40.000   40.153     29.9148    4.7   8.4 25.6   1.2  ML
20120211.15.38 20120211  15  38  10.000   40.5848    30.378     3.2   8.4 25.6   1.6  ML
20120211.13.19 20120211  13  19  09.000   40.7663    30.3883    9.5   8.4 25.6   2.2  ML
20120211.09.46 20120211  09  46  48.000   40.176     29.995     6.4   8.4 25.6   1.3  ML
20120206.16.00 20120206  16  00  56.000   40.2368    29.794     15.6  8.4 25.6   1.2  ML
20120206.09.53 20120206  09  53  36.000   40.6852    30.4997    11.4  8.4 25.6   1.4  ML
20120112.12.41 20120112  12  41  34.000   40.1298    29.98      8.2   8.4 25.6   1.5  ML
20120111.12.22 20120111  12  22  33.000   40.86      30.6757    6.0   8.4 25.6   1.2  ML
20120111.06.33 20120111  06  33  26.000   40.1033    29.9273    15.0  8.4 25.6   1.5  ML
20120107.06.06 20120107  06  06  30.000   40.7752    30.8388    6.6   8.4 25.6   2.2  ML
20120106.15.20 20120106  15  20  35.000   40.2847    29.9795    11.2  8.4 25.6   1.3  ML
20120106.09.14 20120106  09  14  44.000   40.9373    29.7347    9.0   8.4 25.6   1.6  ML
